SetDesc: HERAPDF
Authors: ...
Reference: ...
Format: lhagrid1
DataVersion: 1
NumMembers: 1
Flavors: [-6, -5, -4, -3, -2, -1, 1, 2, 3, 4, 5, 6, 21]
OrderQCD: 0
FlavorScheme: fixed
ErrorType: hessian
XMin: 9.9e-07
XMax: 1
QMin: 1
QMax: 14317.8
MZ: 91.1876
MUp: 0
MDown: 0
MStrange: 0
MCharm: 1.43
MBottom: 4.5
MTop: 173
AlphaS_MZ: 0.118
AlphaS_OrderQCD: 0
AlphaS_Type: ipol
AlphaS_Qs: [1, 1.12662, 1.26928, 1.43,1.43, 1.5077, 1.58962, 1.67598, 1.76705, 1.86306, 1.96428, 2.07101, 2.18353, 2.30217, 2.36737, 2.43441, 2.50335, 2.57425, 2.64715, 2.72212, 2.7992, 2.87848, 2.95999, 3.04382, 3.13002, 3.21866, 3.30981, 3.40354, 3.49993, 3.59905, 3.70097, 3.80578, 3.91356, 4.02439, 4.13836, 4.25556, 4.37607, 4.5,4.5, 4.89227, 5.31873, 5.78237, 6.28643, 6.83442, 7.43019, 8.07788, 8.78204, 9.54758, 10.3799, 11.2847, 12.2684, 13.3378, 14.5005, 15.7645, 17.1387, 18.6327, 20.257, 22.0228, 23.9425, 26.0296, 28.2986, 30.7655, 33.4473, 36.363, 39.5328, 42.9789, 46.7254, 50.7985, 55.2266, 60.0408, 65.2746, 70.9647, 77.1507, 83.876, 91.1876, 101.458, 112.886, 125.6, 139.747, 155.487, 173,173, 193.193, 215.743, 240.926, 269.048, 300.452, 335.522, 374.685, 418.42, 467.259, 521.8, 582.706, 650.722, 726.677, 811.497, 906.218, 1012, 1130.12, 1262.03, 1409.34, 1573.84, 1757.55, 1962.7, 2191.79, 2447.62, 2733.32, 3052.36, 3408.65, 3806.52, 4250.83, 4747, 5301.09, 5919.85, 6610.84, 7382.48, 8244.19, 9206.48, 10281.1, 11481.1, 12821.3, 14317.8]
AlphaS_Vals: [0.497374, 0.45845, 0.425173, 0.396402,0.396391, 0.384837, 0.373933, 0.36363, 0.353878, 0.344636, 0.335865, 0.327528, 0.319596, 0.312038, 0.308192, 0.304439, 0.300776, 0.297201, 0.293709, 0.290299, 0.286966, 0.28371, 0.280526, 0.277413, 0.274369, 0.27139, 0.268476, 0.265623, 0.262831, 0.260096, 0.257418, 0.254795, 0.252224, 0.249705, 0.247235, 0.244814, 0.24244, 0.240112,0.240111, 0.233402, 0.227058, 0.221049, 0.21535, 0.209938, 0.204791, 0.19989, 0.195218, 0.19076, 0.186501, 0.182428, 0.178529, 0.174793, 0.17121, 0.167771, 0.164468, 0.161292, 0.158237, 0.155295, 0.15246, 0.149727, 0.147091, 0.144545, 0.142087, 0.13971, 0.137412, 0.135188, 0.133035, 0.130949, 0.128928, 0.126968, 0.125067, 0.123222, 0.121431, 0.119691, 0.118, 0.115909, 0.113891, 0.111942, 0.110058, 0.108237, 0.106475,0.106475, 0.104712, 0.103007, 0.101356, 0.0997568, 0.0982075, 0.0967057, 0.0952491, 0.0938357, 0.0924637, 0.0911312, 0.0898365, 0.0885782, 0.0873546, 0.0861643, 0.085006, 0.0838785, 0.0827805, 0.0817109, 0.0806685, 0.0796524, 0.0786616, 0.0776951, 0.0767521, 0.0758318, 0.0749332, 0.0740557, 0.0731984, 0.0723609, 0.0715422, 0.0707419, 0.0699593, 0.0691938, 0.0684449, 0.067712, 0.0669946, 0.0662923, 0.0656046, 0.0649309, 0.064271, 0.0636244]
