SetDesc: HERAPDF
Authors: ...
Reference: ...
Format: lhagrid1
DataVersion: 1
NumMembers: 1
Flavors: [-6, -5, -4, -3, -2, -1, 1, 2, 3, 4, 5, 6, 21]
OrderQCD: 0
FlavorScheme: fixed
ErrorType: hessian
XMin: 9.9e-07
XMax: 1
QMin: 1
QMax: 14317.8
MZ: 91.1876
MUp: 0
MDown: 0
MStrange: 0
MCharm: 1.43
MBottom: 4.5
MTop: 173
AlphaS_MZ: 0.118
AlphaS_OrderQCD: 0
AlphaS_Type: ipol
AlphaS_Qs: [1, 1.19583, 1.43,1.43, 1.54358, 1.66617, 1.7985, 1.94135, 2.09553, 2.26197, 2.44162, 2.63554, 2.84487, 3.07082, 3.31471, 3.57797, 3.86215, 4.16889, 4.5,4.5, 5.02653, 5.61467, 6.27162, 7.00544, 7.82512, 8.74071, 9.07763, 9.42753, 9.79092, 10.1683, 10.5603, 10.9673, 11.3901, 11.8291, 12.2851, 12.7586, 13.2504, 13.7611, 14.2916, 14.8424, 15.4146, 16.0087, 16.6258, 17.2666, 17.9322, 18.6234, 19.3413, 20.0868, 20.8611, 21.6652, 22.5003, 23.3675, 24.2683, 25.2037, 26.1752, 27.1841, 28.232, 29.3202, 30.4504, 31.6241, 32.8431, 34.109, 35.4238, 36.7892, 38.2073, 39.68, 41.2095, 42.798, 44.4476, 46.1609, 47.9402, 49.7881, 51.7072, 53.7003, 55.7702, 57.92, 60.1525, 62.4711, 64.8791, 67.38, 69.9772, 72.6745, 75.4758, 78.3851, 81.4065, 84.5443, 87.8032, 91.1876, 103.647, 117.809, 133.907, 152.203, 173,173, 201.455, 234.59, 273.176, 318.108, 370.43, 431.359, 502.309, 584.929, 681.138, 793.171, 923.632, 1075.55, 1252.46, 1458.46, 1698.35, 1977.7, 2302.99, 2681.78, 3122.88, 3636.54, 4234.68, 4931.2, 5742.28, 6686.77, 7786.61, 9067.36, 10558.8, 12295.5, 14317.8]
AlphaS_Vals: [0.497374, 0.441185, 0.396402,0.396391, 0.379913, 0.364745, 0.350742, 0.337773, 0.32573, 0.314515, 0.304047, 0.294253, 0.28507, 0.276443, 0.268323, 0.260667, 0.253435, 0.246593, 0.240112,0.240111, 0.231308, 0.223128, 0.215507, 0.208389, 0.201726, 0.195476, 0.193428, 0.191422, 0.189457, 0.187532, 0.185646, 0.183798, 0.181986, 0.180209, 0.178467, 0.176758, 0.175081, 0.173436, 0.171822, 0.170237, 0.168681, 0.167154, 0.165654, 0.16418, 0.162733, 0.161311, 0.159913, 0.15854, 0.15719, 0.155862, 0.154557, 0.153274, 0.152012, 0.15077, 0.149548, 0.148347, 0.147164, 0.146, 0.144854, 0.143726, 0.142616, 0.141522, 0.140446, 0.139385, 0.13834, 0.137311, 0.136297, 0.135298, 0.134314, 0.133344, 0.132387, 0.131445, 0.130515, 0.129599, 0.128695, 0.127804, 0.126925, 0.126059, 0.125203, 0.12436, 0.123528, 0.122707, 0.121896, 0.121097, 0.120307, 0.119528, 0.118759, 0.118, 0.1155, 0.113103, 0.110804, 0.108597, 0.106475,0.106475, 0.104059, 0.101749, 0.0995402, 0.0974249, 0.0953977, 0.0934532, 0.0915863, 0.0897925, 0.0880677, 0.0864079, 0.0848095, 0.0832691, 0.0817837, 0.0803504, 0.0789665, 0.0776294, 0.0763368, 0.0750866, 0.0738767, 0.0727051, 0.0715701, 0.07047, 0.0694033, 0.0683683, 0.0673638, 0.0663883, 0.0654407, 0.0645198, 0.0636244]
