SetDesc: HERAPDF
Authors: ...
Reference: ...
Format: lhagrid1
DataVersion: 1
NumMembers: 1
Flavors: [-6, -5, -4, -3, -2, -1, 1, 2, 3, 4, 5, 6, 21]
OrderQCD: 0
FlavorScheme: fixed
ErrorType: hessian
XMin: 9.9e-07
XMax: 1
QMin: 1
QMax: 14317.8
MZ: 91.1876
MUp: 0
MDown: 0
MStrange: 0
MCharm: 1.43
MBottom: 4.5
MTop: 173
AlphaS_MZ: 0.118
AlphaS_OrderQCD: 0
AlphaS_Type: ipol
AlphaS_Qs: [1, 1.12662, 1.26928, 1.43,1.43, 1.51736, 1.61006, 1.70842, 1.81279, 1.92354, 1.97881, 2.03567, 2.09417, 2.15435, 2.21625, 2.27994, 2.34545, 2.41285, 2.48219, 2.55351, 2.62689, 2.70237, 2.78003, 2.85991, 2.94209, 3.02664, 3.11361, 3.20308, 3.29512, 3.38981, 3.48722, 3.58742, 3.69051, 3.79656, 3.90566, 4.01789, 4.13334, 4.25212, 4.3743, 4.5,4.5, 4.90397, 5.3442, 5.82395, 6.34676, 6.91651, 7.53741, 8.21405, 8.95142, 9.755, 10.6307, 11.585, 12.625, 13.7584, 14.9935, 16.3394, 17.8062, 19.4047, 21.1467, 23.045, 25.1137, 27.3682, 29.8251, 32.5025, 35.4202, 38.5999, 42.065, 45.8412, 49.9564, 54.441, 59.3282, 64.6541, 70.4581, 76.7831, 83.676, 91.1876, 101.458, 112.886, 125.6, 139.747, 155.487, 173,173, 193.741, 216.968, 242.981, 272.111, 304.735, 341.269, 382.184, 428.003, 479.317, 536.782, 601.136, 673.206, 753.916, 844.303, 945.526, 1058.88, 1185.83, 1328, 1487.22, 1665.52, 1865.19, 2088.81, 2339.24, 2619.69, 2933.76, 3285.49, 3679.38, 4120.5, 4614.51, 5167.74, 5787.3, 6481.13, 7258.15, 8128.33, 9102.83, 10194.2, 11416.3, 12785, 14317.8]
AlphaS_Vals: [0.497374, 0.45845, 0.425173, 0.396402,0.396391, 0.383487, 0.371391, 0.360035, 0.349353, 0.339286, 0.334678, 0.330194, 0.325828, 0.321577, 0.317435, 0.313398, 0.309462, 0.305624, 0.301881, 0.298227, 0.294661, 0.29118, 0.287779, 0.284458, 0.281212, 0.278039, 0.274937, 0.271903, 0.268936, 0.266033, 0.263191, 0.26041, 0.257687, 0.25502, 0.252408, 0.249849, 0.247341, 0.244883, 0.242474, 0.240112,0.240111, 0.233216, 0.226705, 0.220549, 0.214717, 0.209187, 0.203933, 0.198938, 0.194181, 0.189646, 0.185319, 0.181184, 0.17723, 0.173445, 0.169818, 0.166339, 0.163001, 0.159793, 0.15671, 0.153743, 0.150886, 0.148134, 0.14548, 0.14292, 0.140448, 0.138061, 0.135753, 0.133521, 0.131361, 0.12927, 0.127245, 0.125282, 0.123378, 0.121532, 0.11974, 0.118, 0.115909, 0.113891, 0.111942, 0.110058, 0.108237, 0.106475,0.106475, 0.104668, 0.102921, 0.101231, 0.0995956, 0.0980124, 0.0964787, 0.0949923, 0.093551, 0.0921527, 0.0907957, 0.089478, 0.088198, 0.0869542, 0.0857449, 0.0845688, 0.0834245, 0.0823108, 0.0812264, 0.0801703, 0.0791412, 0.0781382, 0.0771604, 0.0762067, 0.0752763, 0.0743683, 0.073482, 0.0726165, 0.0717712, 0.0709454, 0.0701383, 0.0693494, 0.0685781, 0.0678237, 0.0670857, 0.0663637, 0.065657, 0.0649652, 0.0642878, 0.0636244]
