SetDesc: HERAPDF
Authors: ...
Reference: ...
Format: lhagrid1
DataVersion: 1
NumMembers: 1
Flavors: [-6, -5, -4, -3, -2, -1, 1, 2, 3, 4, 5, 6, 21]
OrderQCD: 0
FlavorScheme: fixed
ErrorType: hessian
XMin: 9.9e-07
XMax: 1
QMin: 1
QMax: 14317.8
MZ: 91.1876
MUp: 0
MDown: 0
MStrange: 0
MCharm: 1.43
MBottom: 4.5
MTop: 173
AlphaS_MZ: 0.118
AlphaS_OrderQCD: 0
AlphaS_Type: ipol
AlphaS_Qs: [1, 1.12662, 1.26928, 1.43,1.43, 1.52976, 1.63648, 1.75064, 1.87277, 2.00341, 2.14317, 2.29268, 2.45262, 2.62372, 2.80676, 3.00256, 3.21202, 3.43609, 3.6758, 3.93223, 4.20655, 4.5,4.5, 5.00141, 5.55869, 6.17806, 6.86645, 7.63154, 8.48189, 9.42698, 10.4774, 11.6448, 12.9423, 14.3844, 15.9872, 17.7686, 19.7484, 20.4162, 21.1067, 21.8204, 22.5583, 23.3212, 24.1098, 24.9251, 25.768, 26.6394, 27.5402, 28.4716, 29.4344, 30.4298, 31.4588, 32.5226, 33.6224, 34.7594, 35.9349, 37.1501, 38.4064, 39.7052, 41.0479, 42.436, 43.871, 45.3546, 46.8883, 48.4739, 50.1132, 51.8078, 53.5598, 55.371, 57.2435, 59.1793, 61.1805, 63.2494, 65.3883, 67.5995, 69.8855, 72.2488, 74.6921, 77.2179, 79.8292, 82.5287, 85.3196, 88.2048, 91.1876, 103.647, 117.809, 133.907, 152.203, 173,173, 197.771, 226.088, 258.461, 295.468, 337.774, 386.138, 441.427, 504.632, 576.887, 659.488, 753.916, 861.865, 985.27, 1126.34, 1287.62, 1471.99, 1682.75, 1923.69, 2199.13, 2514.01, 2873.98, 3285.49, 3755.92, 4293.7, 4908.49, 5611.31, 6414.76, 7333.25, 8383.25, 9583.6, 10955.8, 12524.5, 14317.8]
AlphaS_Vals: [0.497374, 0.45845, 0.425173, 0.396402,0.396391, 0.381781, 0.368204, 0.35556, 0.343754, 0.332708, 0.322349, 0.312616, 0.303453, 0.294812, 0.286649, 0.278926, 0.271608, 0.264665, 0.258067, 0.251791, 0.245813, 0.240112,0.240111, 0.231693, 0.223845, 0.216511, 0.209643, 0.203197, 0.197135, 0.191425, 0.186036, 0.180942, 0.17612, 0.171548, 0.167208, 0.163081, 0.159154, 0.157956, 0.156776, 0.155614, 0.154469, 0.153341, 0.152229, 0.151133, 0.150052, 0.148987, 0.147937, 0.146902, 0.145881, 0.144874, 0.143881, 0.142902, 0.141936, 0.140983, 0.140042, 0.139114, 0.138198, 0.137294, 0.136402, 0.135521, 0.134652, 0.133794, 0.132947, 0.13211, 0.131284, 0.130468, 0.129662, 0.128866, 0.12808, 0.127303, 0.126535, 0.125777, 0.125028, 0.124288, 0.123556, 0.122833, 0.122119, 0.121412, 0.120714, 0.120024, 0.119342, 0.118667, 0.118, 0.1155, 0.113103, 0.110804, 0.108597, 0.106475,0.106475, 0.104346, 0.1023, 0.100332, 0.0984392, 0.0966161, 0.0948594, 0.0931654, 0.0915309, 0.0899527, 0.088428, 0.0869542, 0.0855286, 0.0841491, 0.0828133, 0.0815193, 0.0802652, 0.079049, 0.0778691, 0.0767239, 0.075612, 0.0745317, 0.073482, 0.0724614, 0.0714687, 0.0705029, 0.0695628, 0.0686475, 0.0677559, 0.0668873, 0.0660406, 0.065215, 0.0644099, 0.0636244]
