SetDesc: HERAPDF
Authors: ...
Reference: ...
Format: lhagrid1
DataVersion: 1
NumMembers: 1
Flavors: [-6, -5, -4, -3, -2, -1, 1, 2, 3, 4, 5, 6, 21]
OrderQCD: 0
FlavorScheme: fixed
ErrorType: hessian
XMin: 9.9e-07
XMax: 1
QMin: 1
QMax: 14317.8
MZ: 91.1876
MUp: 0
MDown: 0
MStrange: 0
MCharm: 1.43
MBottom: 4.5
MTop: 173
AlphaS_MZ: 0.118
AlphaS_OrderQCD: 0
AlphaS_Type: ipol
AlphaS_Qs: [1, 1.19583, 1.43,1.43, 1.55202, 1.68446, 1.8282, 1.9842, 2.15352, 2.33728, 2.53673, 2.75319, 2.98813, 3.24311, 3.51985, 3.82021, 4.1462, 4.5,4.5, 5.03431, 5.63207, 6.30079, 6.55717, 6.82399, 7.10166, 7.39063, 7.69135, 8.00432, 8.33001, 8.66897, 9.02171, 9.3888, 9.77084, 10.1684, 10.5822, 11.0128, 11.4609, 11.9272, 12.4125, 12.9176, 13.4432, 13.9902, 14.5595, 15.1519, 15.7685, 16.4101, 17.0778, 17.7727, 18.4959, 19.2485, 20.0317, 20.8468, 21.6951, 22.5779, 23.4966, 24.4527, 25.4477, 26.4831, 27.5607, 28.6822, 29.8493, 31.0638, 32.3278, 33.6433, 35.0122, 36.4369, 37.9195, 39.4625, 41.0682, 42.7393, 44.4784, 46.2882, 48.1717, 50.1318, 52.1717, 54.2946, 56.5038, 58.803, 61.1957, 63.6858, 66.2771, 68.974, 71.7806, 74.7013, 77.7409, 80.9042, 84.1963, 87.6222, 91.1876, 107.02, 125.6, 147.407, 173,173, 202.554, 237.156, 277.669, 325.104, 380.641, 445.666, 521.8, 610.939, 715.306, 837.502, 980.572, 1148.08, 1344.21, 1573.84, 1842.7, 2157.49, 2526.06, 2957.59, 3462.83, 4054.39, 4747, 5557.93, 6507.39, 7619.05, 8920.62, 10444.5, 12228.8, 14317.8]
AlphaS_Vals: [0.497374, 0.441185, 0.396402,0.396391, 0.378788, 0.362677, 0.347879, 0.334242, 0.321634, 0.309942, 0.29907, 0.288935, 0.279464, 0.270594, 0.26227, 0.254443, 0.24707, 0.240112,0.240111, 0.23119, 0.222908, 0.215199, 0.212585, 0.210034, 0.207544, 0.205112, 0.202736, 0.200415, 0.198146, 0.195928, 0.193759, 0.191638, 0.189563, 0.187532, 0.185544, 0.183598, 0.181692, 0.179825, 0.177997, 0.176205, 0.174449, 0.172727, 0.17104, 0.169384, 0.167761, 0.166168, 0.164606, 0.163072, 0.161567, 0.160089, 0.158639, 0.157214, 0.155814, 0.154439, 0.153089, 0.151761, 0.150457, 0.149175, 0.147914, 0.146675, 0.145456, 0.144257, 0.143078, 0.141918, 0.140777, 0.139653, 0.138548, 0.13746, 0.136389, 0.135334, 0.134296, 0.133273, 0.132266, 0.131274, 0.130297, 0.129335, 0.128386, 0.127451, 0.12653, 0.125622, 0.124727, 0.123844, 0.122974, 0.122116, 0.12127, 0.120436, 0.119613, 0.118801, 0.118, 0.114891, 0.111942, 0.10914, 0.106475,0.106475, 0.103974, 0.101588, 0.0993092, 0.0971301, 0.0950446, 0.0930467, 0.0911312, 0.0892929, 0.0875273, 0.0858302, 0.0841976, 0.082626, 0.081112, 0.0796524, 0.0782445, 0.0768855, 0.0755728, 0.0743043, 0.0730776, 0.0718908, 0.0707419, 0.0696291, 0.0685508, 0.0675055, 0.0664915, 0.0655075, 0.0645522, 0.0636244]
