SetDesc: HERAPDF
Authors: ...
Reference: ...
Format: lhagrid1
DataVersion: 1
NumMembers: 1
Flavors: [-6, -5, -4, -3, -2, -1, 1, 2, 3, 4, 5, 6, 21]
OrderQCD: 0
FlavorScheme: fixed
ErrorType: hessian
XMin: 9.9e-07
XMax: 1
QMin: 0.489898
QMax: 14317.8
MZ: 91.1876
MUp: 0
MDown: 0
MStrange: 0
MCharm: 1.43
MBottom: 4.5
MTop: 173
AlphaS_MZ: 0.118
AlphaS_OrderQCD: 0
AlphaS_Type: ipol
AlphaS_Qs: [0.489898, 0.505335, 0.521258, 0.537683, 0.554626, 0.572103, 0.59013, 0.608725, 0.627906, 0.647692, 0.668101, 0.689154, 0.710869, 0.733269, 0.756375, 0.780208, 0.804793, 0.830153, 0.856311, 0.883294, 0.911127, 0.939837, 0.969452, 1, 1.12662, 1.26928, 1.43,1.43, 1.51894, 1.61341, 1.71375, 1.82034, 1.93355, 2.05381, 2.18155, 2.31723, 2.46134, 2.61443, 2.77703, 2.94974, 3.1332, 3.32807, 3.53506, 3.75492, 3.98845, 4.23651, 4.5,4.5, 4.94365, 5.43104, 5.96647, 6.5547, 7.20092, 7.91085, 8.69077, 9.54758, 10.4889, 11.5229, 12.659, 13.907, 15.2781, 16.7843, 18.4391, 20.257, 22.2541, 24.4481, 26.8584, 29.5063, 32.4153, 35.611, 39.1219, 42.9789, 47.2161, 51.8711, 56.985, 62.603, 68.775, 75.5554, 83.0043, 91.1876, 101.458, 112.886, 125.6, 139.747, 155.487, 173,173, 195.578, 221.102, 249.957, 282.578, 319.456, 361.147, 408.28, 461.563, 521.8, 589.898, 666.883, 753.916, 852.307, 963.539, 1089.29, 1231.45, 1392.16, 1573.84, 1779.24, 2011.44, 2273.95, 2570.71, 2906.21, 3285.49, 3714.27, 4199, 4747, 5366.51, 6066.88, 6858.65, 7753.75, 8765.66, 9909.64, 11202.9, 12665, 14317.8]
AlphaS_Vals: [1.00901, 0.966022, 0.926509, 0.89007, 0.856366, 0.825102, 0.796025, 0.768916, 0.743582, 0.719857, 0.697592, 0.676658, 0.65694, 0.638334, 0.620751, 0.604107, 0.588331, 0.573356, 0.559123, 0.545578, 0.532673, 0.520364, 0.50861, 0.497374, 0.45845, 0.425173, 0.396402,0.396391, 0.383268, 0.370981, 0.359458, 0.348628, 0.338432, 0.328815, 0.319729, 0.311132, 0.302985, 0.295254, 0.287908, 0.280918, 0.274259, 0.267909, 0.261846, 0.256052, 0.250508, 0.2452, 0.240112,0.240111, 0.23259, 0.225525, 0.218877, 0.212609, 0.206691, 0.201093, 0.19579, 0.19076, 0.185982, 0.181437, 0.177109, 0.172983, 0.169044, 0.165281, 0.161682, 0.158237, 0.154935, 0.151768, 0.148728, 0.145807, 0.142999, 0.140297, 0.137695, 0.135188, 0.13277, 0.130438, 0.128186, 0.126011, 0.123908, 0.121874, 0.119906, 0.118, 0.115909, 0.113891, 0.111942, 0.110058, 0.108237, 0.106475,0.106475, 0.10452, 0.102635, 0.100817, 0.0990622, 0.0973675, 0.0957297, 0.0941462, 0.0926141, 0.0911312, 0.0896949, 0.0883033, 0.0869542, 0.0856456, 0.0843759, 0.0831433, 0.0819462, 0.080783, 0.0796524, 0.078553, 0.0774836, 0.0764429, 0.0754297, 0.0744431, 0.073482, 0.0725453, 0.0716323, 0.0707419, 0.0698734, 0.0690259, 0.0681988, 0.0673913, 0.0666026, 0.0658322, 0.0650794, 0.0643437, 0.0636244]
