SetDesc: HERAPDF
Authors: ...
Reference: ...
Format: lhagrid1
DataVersion: 1
NumMembers: 1
Flavors: [-6, -5, -4, -3, -2, -1, 1, 2, 3, 4, 5, 6, 21]
OrderQCD: 0
FlavorScheme: fixed
ErrorType: hessian
XMin: 9.9e-07
XMax: 1
QMin: 1
QMax: 14317.8
MZ: 91.1876
MUp: 0
MDown: 0
MStrange: 0
MCharm: 1.43
MBottom: 4.5
MTop: 173
AlphaS_MZ: 0.118
AlphaS_OrderQCD: 0
AlphaS_Type: ipol
AlphaS_Qs: [1, 1.19583, 1.43,1.43, 1.53622, 1.65033, 1.77291, 1.90461, 2.04608, 2.19806, 2.36133, 2.53673, 2.72516, 2.92758, 3.14504, 3.37865, 3.62962, 3.89922, 4.18885, 4.5,4.5, 5.02933, 5.62092, 6.28209, 7.02104, 7.84691, 8.76993, 9.80152, 10.9545, 11.3621, 11.7849, 12.2235, 12.6783, 13.1502, 13.6395, 14.1471, 14.6735, 15.2196, 15.786, 16.3734, 16.9827, 17.6147, 18.2702, 18.9501, 19.6553, 20.3867, 21.1454, 21.9322, 22.7484, 23.5949, 24.473, 25.3837, 26.3283, 27.3081, 28.3243, 29.3783, 30.4716, 31.6055, 32.7817, 34.0016, 35.2669, 36.5793, 37.9405, 39.3524, 40.8168, 42.3358, 43.9112, 45.5453, 47.2402, 48.9981, 50.8215, 52.7127, 54.6743, 56.7089, 58.8193, 61.0081, 63.2784, 65.6332, 68.0756, 70.6089, 73.2365, 75.9619, 78.7887, 81.7206, 84.7617, 87.916, 91.1876, 103.647, 117.809, 133.907, 152.203, 173,173, 200.435, 232.221, 269.048, 311.714, 361.147, 418.42, 484.775, 561.652, 650.722, 753.916, 873.476, 1012, 1172.48, 1358.42, 1573.84, 1823.43, 2112.6, 2447.62, 2835.78, 3285.49, 3806.52, 4410.17, 5109.55, 5919.85, 6858.65, 7946.32, 9206.48, 10666.5, 12358, 14317.8]
AlphaS_Vals: [0.497374, 0.441185, 0.396402,0.396391, 0.380903, 0.366575, 0.353285, 0.340925, 0.3294, 0.318629, 0.30854, 0.29907, 0.290164, 0.281773, 0.273854, 0.266367, 0.259279, 0.252559, 0.246178, 0.240112,0.240111, 0.231266, 0.223049, 0.215396, 0.208251, 0.201564, 0.195294, 0.189401, 0.183854, 0.182102, 0.180383, 0.178696, 0.17704, 0.175415, 0.173819, 0.172252, 0.170713, 0.169202, 0.167716, 0.166257, 0.164823, 0.163413, 0.162028, 0.160665, 0.159325, 0.158008, 0.156712, 0.155437, 0.154183, 0.152949, 0.151734, 0.150539, 0.149362, 0.148203, 0.147063, 0.145939, 0.144833, 0.143744, 0.14267, 0.141613, 0.140571, 0.139544, 0.138533, 0.137536, 0.136553, 0.135584, 0.134628, 0.133686, 0.132758, 0.131842, 0.130938, 0.130047, 0.129168, 0.1283, 0.127445, 0.1266, 0.125767, 0.124945, 0.124133, 0.123332, 0.122541, 0.12176, 0.120989, 0.120227, 0.119476, 0.118733, 0.118, 0.1155, 0.113103, 0.110804, 0.108597, 0.106475,0.106475, 0.104137, 0.1019, 0.0997568, 0.0977018, 0.0957297, 0.0938357, 0.0920152, 0.090264, 0.0885782, 0.0869542, 0.0853886, 0.0838785, 0.0824208, 0.081013, 0.0796524, 0.0783368, 0.0770639, 0.0758318, 0.0746384, 0.073482, 0.0723609, 0.0712734, 0.0702182, 0.0691938, 0.0681988, 0.067232, 0.0662923, 0.0653785, 0.0644895, 0.0636244]
