SetDesc: HERAPDF
Authors: ...
Reference: ...
Format: lhagrid1
DataVersion: 1
NumMembers: 1
Flavors: [-6, -5, -4, -3, -2, -1, 1, 2, 3, 4, 5, 6, 21]
OrderQCD: 0
FlavorScheme: fixed
ErrorType: hessian
XMin: 9.9e-07
XMax: 1
QMin: 1
QMax: 14317.8
MZ: 91.1876
MUp: 0
MDown: 0
MStrange: 0
MCharm: 1.43
MBottom: 4.5
MTop: 173
AlphaS_MZ: 0.118
AlphaS_OrderQCD: 0
AlphaS_Type: ipol
AlphaS_Qs: [1, 1.09354, 1.19583, 1.30768, 1.43,1.43, 1.50179, 1.57718, 1.65636, 1.73951, 1.82683, 1.91854, 2.01486, 2.116, 2.22223, 2.33379, 2.45095, 2.57399, 2.70321, 2.83891, 2.98143, 3.1311, 3.28829, 3.45336, 3.62673, 3.80879, 4, 4.09535, 4.19296, 4.29291, 4.39523, 4.5,4.5, 4.86092, 5.25078, 5.67191, 6.12682, 6.61822, 7.14903, 7.72241, 8.34177, 9.01081, 9.73352, 10.5142, 11.3575, 12.2684, 13.2523, 14.3152, 15.4634, 16.7036, 18.0433, 19.4904, 21.0536, 22.7422, 24.5662, 26.5365, 28.6649, 30.9639, 33.4473, 36.1299, 39.0277, 42.1579, 45.5391, 49.1915, 53.1368, 57.3986, 62.0022, 66.975, 72.3467, 78.1492, 84.417, 91.1876, 99.9231, 109.495, 119.985, 131.479, 144.074, 157.876, 173,173, 191.264, 211.456, 233.78, 258.461, 285.747, 315.914, 349.265, 386.138, 426.903, 471.973, 521.8, 576.887, 637.79, 705.123, 779.565, 861.865, 952.854, 1053.45, 1164.66, 1287.62, 1423.56, 1573.84, 1740, 1923.69, 2126.78, 2351.31, 2599.54, 2873.98, 3177.39, 3512.84, 3883.69, 4293.7, 4747, 5248.15, 5802.21, 6414.76, 7091.98, 7840.69, 8668.45, 9583.6, 10595.4, 11713.9, 12950.6, 14317.8]
AlphaS_Vals: [0.497374, 0.467599, 0.441185, 0.417594, 0.396402,0.396391, 0.385672, 0.375513, 0.365874, 0.356718, 0.348009, 0.339715, 0.331807, 0.324259, 0.317046, 0.310148, 0.303543, 0.297213, 0.291142, 0.285314, 0.279715, 0.274332, 0.269151, 0.264163, 0.259356, 0.254721, 0.250249, 0.248153, 0.246093, 0.244066, 0.242073, 0.240112,0.240111, 0.233905, 0.228011, 0.222407, 0.217072, 0.211987, 0.207134, 0.202499, 0.198067, 0.193824, 0.18976, 0.185862, 0.182122, 0.178529, 0.175075, 0.171752, 0.168552, 0.16547, 0.162499, 0.159632, 0.156865, 0.154192, 0.151609, 0.149111, 0.146693, 0.144353, 0.142087, 0.13989, 0.13776, 0.135695, 0.13369, 0.131744, 0.129853, 0.128016, 0.12623, 0.124494, 0.122804, 0.12116, 0.119559, 0.118, 0.116203, 0.11446, 0.112769, 0.111127, 0.109532, 0.107982, 0.106475,0.106475, 0.10487, 0.103313, 0.101801, 0.100332, 0.0989057, 0.0975191, 0.0961709, 0.0948594, 0.0935832, 0.0923409, 0.0911312, 0.0899527, 0.0888043, 0.0876849, 0.0865933, 0.0855286, 0.0844898, 0.0834759, 0.082486, 0.0815193, 0.0805751, 0.0796524, 0.0787507, 0.0778691, 0.0770071, 0.0761639, 0.075339, 0.0745317, 0.0737416, 0.0729681, 0.0722106, 0.0714687, 0.0707419, 0.0700297, 0.0693317, 0.0686475, 0.0679767, 0.0673188, 0.0666736, 0.0660406, 0.0654195, 0.06481, 0.0642117, 0.0636244]
