SetDesc: HERAPDF
Authors: ...
Reference: ...
Format: lhagrid1
DataVersion: 1
NumMembers: 1
Flavors: [-6, -5, -4, -3, -2, -1, 1, 2, 3, 4, 5, 6, 21]
OrderQCD: 0
FlavorScheme: fixed
ErrorType: hessian
XMin: 9.9e-07
XMax: 1
QMin: 1
QMax: 14317.8
MZ: 91.1876
MUp: 0
MDown: 0
MStrange: 0
MCharm: 1.43
MBottom: 4.5
MTop: 173
AlphaS_MZ: 0.118
AlphaS_OrderQCD: 0
AlphaS_Type: ipol
AlphaS_Qs: [1, 1.12662, 1.26928, 1.43,1.43, 1.53622, 1.65033, 1.77291, 1.90461, 2.04608, 2.19806, 2.36133, 2.53673, 2.72516, 2.92758, 3.14504, 3.37865, 3.62962, 3.89922, 4.18885, 4.5,4.5, 5.0205, 5.6012, 6.24908, 6.97189, 7.7783, 8.67799, 9.68174, 10.8016, 12.051, 13.4449, 15, 15.5298, 16.0783, 16.6461, 17.234, 17.8427, 18.4729, 19.1253, 19.8008, 20.5001, 21.2242, 21.9738, 22.7498, 23.5533, 24.3852, 25.2464, 26.1381, 27.0613, 28.017, 29.0065, 30.031, 31.0917, 32.1898, 33.3267, 34.5037, 35.7223, 36.984, 38.2902, 39.6425, 41.0426, 42.4922, 43.993, 45.5467, 47.1554, 48.8208, 50.5451, 52.3303, 54.1785, 56.092, 58.0731, 60.1241, 62.2476, 64.4461, 66.7222, 69.0787, 71.5185, 74.0444, 76.6595, 79.367, 82.1701, 85.0722, 88.0769, 91.1876, 103.647, 117.809, 133.907, 152.203, 173,173, 198.6, 227.987, 261.724, 300.452, 344.911, 395.949, 454.539, 521.8, 599.013, 687.651, 789.406, 906.218, 1040.32, 1194.26, 1370.97, 1573.84, 1806.73, 2074.08, 2380.99, 2733.32, 3137.78, 3602.09, 4135.11, 4747, 5449.43, 6255.81, 7181.51, 8244.19, 9464.12, 10864.6, 12472.2, 14317.8]
AlphaS_Vals: [0.497374, 0.45845, 0.425173, 0.396402,0.396391, 0.380903, 0.366575, 0.353285, 0.340925, 0.3294, 0.318629, 0.30854, 0.29907, 0.290164, 0.281773, 0.273854, 0.266367, 0.259279, 0.252559, 0.246178, 0.240112,0.240111, 0.231401, 0.2233, 0.215747, 0.208688, 0.202076, 0.195871, 0.190035, 0.184537, 0.179349, 0.174444, 0.1698, 0.168378, 0.16698, 0.165606, 0.164253, 0.162923, 0.161614, 0.160325, 0.159058, 0.15781, 0.156581, 0.155372, 0.154181, 0.153008, 0.151853, 0.150715, 0.149594, 0.14849, 0.147401, 0.146329, 0.145272, 0.14423, 0.143204, 0.142191, 0.141193, 0.140209, 0.139238, 0.138281, 0.137337, 0.136405, 0.135487, 0.13458, 0.133686, 0.132803, 0.131932, 0.131072, 0.130224, 0.129386, 0.128559, 0.127742, 0.126936, 0.12614, 0.125354, 0.124578, 0.123811, 0.123053, 0.122305, 0.121566, 0.120836, 0.120114, 0.119401, 0.118696, 0.118, 0.1155, 0.113103, 0.110804, 0.108597, 0.106475,0.106475, 0.104281, 0.102174, 0.100152, 0.0982075, 0.0963374, 0.0945371, 0.0928029, 0.0911312, 0.0895186, 0.0879621, 0.0864588, 0.085006, 0.0836013, 0.0822422, 0.0809266, 0.0796524, 0.0784177, 0.0772208, 0.0760598, 0.0749332, 0.0738395, 0.0727772, 0.0717451, 0.0707419, 0.0697663, 0.0688173, 0.0678937, 0.0669946, 0.066119, 0.065266, 0.0644347, 0.0636244]
