SetDesc: HERAPDF
Authors: ...
Reference: ...
Format: lhagrid1
DataVersion: 1
NumMembers: 1
Flavors: [-6, -5, -4, -3, -2, -1, 1, 2, 3, 4, 5, 6, 21]
OrderQCD: 0
FlavorScheme: fixed
ErrorType: hessian
XMin: 9.9e-07
XMax: 1
QMin: 1
QMax: 14317.8
MZ: 91.1876
MUp: 0
MDown: 0
MStrange: 0
MCharm: 1.43
MBottom: 4.5
MTop: 173
AlphaS_MZ: 0.118
AlphaS_OrderQCD: 0
AlphaS_Type: ipol
AlphaS_Qs: [1, 1.19583, 1.43,1.43, 1.55202, 1.68446, 1.8282, 1.9842, 2.15352, 2.33728, 2.53673, 2.75319, 2.98813, 3.24311, 3.51985, 3.82021, 4.1462, 4.5,4.5, 4.96463, 5.47723, 5.70508, 5.94241, 6.18962, 6.44711, 6.71531, 6.99467, 7.28565, 7.58873, 7.90443, 8.23325, 8.57576, 8.93251, 9.30411, 9.69116, 10.0943, 10.5142, 10.9516, 11.4072, 11.8818, 12.3761, 12.8909, 13.4272, 13.9857, 14.5676, 15.1736, 15.8048, 16.4623, 17.1471, 17.8604, 18.6034, 19.3774, 20.1835, 21.0231, 21.8977, 22.8086, 23.7575, 24.7458, 25.7752, 26.8475, 27.9643, 29.1276, 30.3394, 31.6015, 32.9161, 34.2854, 35.7117, 37.1973, 38.7448, 40.3565, 42.0354, 43.7841, 45.6055, 47.5027, 49.4788, 51.5372, 53.6811, 55.9143, 58.2403, 60.6631, 63.1867, 65.8153, 68.5533, 71.4051, 74.3756, 77.4696, 80.6924, 84.0492, 87.5457, 91.1876, 107.02, 125.6, 147.407, 173,173, 203.74, 239.943, 282.578, 332.789, 391.922, 461.563, 543.578, 640.166, 753.916, 887.879, 1045.65, 1231.45, 1450.26, 1707.96, 2011.44, 2368.85, 2789.78, 3285.49, 3869.29, 4556.82, 5366.51, 6320.09, 7443.1, 8765.66, 10323.2, 12157.6, 14317.8]
AlphaS_Vals: [0.497374, 0.441185, 0.396402,0.396391, 0.378788, 0.362677, 0.347879, 0.334242, 0.321634, 0.309942, 0.29907, 0.288935, 0.279464, 0.270594, 0.26227, 0.254443, 0.24707, 0.240112,0.240111, 0.232262, 0.22491, 0.221995, 0.219154, 0.216386, 0.213686, 0.211053, 0.208485, 0.205977, 0.20353, 0.20114, 0.198805, 0.196524, 0.194295, 0.192116, 0.189985, 0.187901, 0.185862, 0.183867, 0.181914, 0.180002, 0.17813, 0.176297, 0.174501, 0.172741, 0.171016, 0.169326, 0.167668, 0.166043, 0.164449, 0.162885, 0.161351, 0.159845, 0.158367, 0.156916, 0.155492, 0.154093, 0.152719, 0.151369, 0.150043, 0.14874, 0.14746, 0.146201, 0.144964, 0.143747, 0.142551, 0.141375, 0.140217, 0.139079, 0.137959, 0.136856, 0.135771, 0.134704, 0.133653, 0.132618, 0.131599, 0.130596, 0.129607, 0.128634, 0.127675, 0.126731, 0.1258, 0.124883, 0.123979, 0.123088, 0.12221, 0.121344, 0.12049, 0.119649, 0.118819, 0.118, 0.114891, 0.111942, 0.10914, 0.106475,0.106475, 0.103884, 0.101416, 0.0990622, 0.0968154, 0.0946682, 0.0926141, 0.0906473, 0.0887624, 0.0869542, 0.0852182, 0.0835501, 0.0819462, 0.0804026, 0.0789161, 0.0774836, 0.0761022, 0.0747691, 0.073482, 0.0722384, 0.0710362, 0.0698734, 0.068748, 0.0676583, 0.0666026, 0.0655794, 0.0645871, 0.0636244]
