SetDesc: HERAPDF
Authors: ...
Reference: ...
Format: lhagrid1
DataVersion: 1
NumMembers: 1
Flavors: [-6, -5, -4, -3, -2, -1, 1, 2, 3, 4, 5, 6, 21]
OrderQCD: 0
FlavorScheme: fixed
ErrorType: hessian
XMin: 9.9e-07
XMax: 1
QMin: 1
QMax: 14317.8
MZ: 91.1876
MUp: 0
MDown: 0
MStrange: 0
MCharm: 1.43
MBottom: 4.5
MTop: 173
AlphaS_MZ: 0.118
AlphaS_OrderQCD: 0
AlphaS_Type: ipol
AlphaS_Qs: [1, 1.19583, 1.43,1.43, 1.53622, 1.65033, 1.77291, 1.90461, 2.04608, 2.19806, 2.36133, 2.53673, 2.72516, 2.92758, 3.14504, 3.37865, 3.62962, 3.89922, 4.18885, 4.5,4.5, 5.00018, 5.55594, 6.17349, 6.85967, 7.62212, 8.46932, 9.41069, 10.4567, 11.619, 12.0466, 12.49, 12.9497, 13.4263, 13.9205, 14.4329, 14.9641, 15.5149, 16.0859, 16.678, 17.2919, 17.9283, 18.5882, 19.2724, 19.9817, 20.7172, 21.4797, 22.2703, 23.09, 23.9398, 24.821, 25.7345, 26.6817, 27.6638, 28.682, 29.7377, 30.8322, 31.967, 33.1436, 34.3635, 35.6283, 36.9397, 38.2993, 39.709, 41.1705, 42.6859, 44.257, 45.8859, 47.5748, 49.3259, 51.1414, 53.0237, 54.9753, 56.9988, 59.0967, 61.2719, 63.5271, 65.8653, 68.2895, 70.803, 73.409, 76.111, 78.9124, 81.8168, 84.8282, 87.9505, 91.1876, 103.647, 117.809, 133.907, 152.203, 173,173, 200.435, 232.221, 269.048, 311.714, 361.147, 418.42, 484.775, 561.652, 650.722, 753.916, 873.476, 1012, 1172.48, 1358.42, 1573.84, 1823.43, 2112.6, 2447.62, 2835.78, 3285.49, 3806.52, 4410.17, 5109.55, 5919.85, 6858.65, 7946.32, 9206.48, 10666.5, 12358, 14317.8]
AlphaS_Vals: [0.497374, 0.441185, 0.396402,0.396391, 0.380903, 0.366575, 0.353285, 0.340925, 0.3294, 0.318629, 0.30854, 0.29907, 0.290164, 0.281773, 0.273854, 0.266367, 0.259279, 0.252559, 0.246178, 0.240112,0.240111, 0.231712, 0.223881, 0.216561, 0.209705, 0.20327, 0.197218, 0.191516, 0.186134, 0.181047, 0.179365, 0.177715, 0.176095, 0.174504, 0.172941, 0.171406, 0.169899, 0.168417, 0.166961, 0.16553, 0.164124, 0.162741, 0.161381, 0.160044, 0.158729, 0.157435, 0.156162, 0.15491, 0.153677, 0.152464, 0.15127, 0.150094, 0.148937, 0.147797, 0.146675, 0.145569, 0.144481, 0.143408, 0.142351, 0.141309, 0.140283, 0.139272, 0.138274, 0.137292, 0.136323, 0.135367, 0.134425, 0.133496, 0.13258, 0.131676, 0.130784, 0.129905, 0.129037, 0.12818, 0.127335, 0.126501, 0.125678, 0.124866, 0.124064, 0.123272, 0.12249, 0.121718, 0.120956, 0.120203, 0.11946, 0.118725, 0.118, 0.1155, 0.113103, 0.110804, 0.108597, 0.106475,0.106475, 0.104137, 0.1019, 0.0997568, 0.0977018, 0.0957297, 0.0938357, 0.0920152, 0.090264, 0.0885782, 0.0869542, 0.0853886, 0.0838785, 0.0824208, 0.081013, 0.0796524, 0.0783368, 0.0770639, 0.0758318, 0.0746384, 0.073482, 0.0723609, 0.0712734, 0.0702182, 0.0691938, 0.0681988, 0.067232, 0.0662923, 0.0653785, 0.0644895, 0.0636244]
