SetDesc: HERAPDF
Authors: ...
Reference: ...
Format: lhagrid1
DataVersion: 1
NumMembers: 1
Flavors: [-6, -5, -4, -3, -2, -1, 1, 2, 3, 4, 5, 6, 21]
OrderQCD: 0
FlavorScheme: fixed
ErrorType: hessian
XMin: 9.9e-07
XMax: 1
QMin: 1
QMax: 14317.8
MZ: 91.1876
MUp: 0
MDown: 0
MStrange: 0
MCharm: 1.43
MBottom: 4.5
MTop: 173
AlphaS_MZ: 0.118
AlphaS_OrderQCD: 0
AlphaS_Type: ipol
AlphaS_Qs: [1, 1.12662, 1.26928, 1.43,1.43, 1.4884, 1.54919, 1.59449, 1.64111, 1.6891, 1.73849, 1.78932, 1.84164, 1.89549, 1.95091, 2.00795, 2.06666, 2.12709, 2.18929, 2.2533, 2.31918, 2.387, 2.45679, 2.52863, 2.60256, 2.67866, 2.75698, 2.83759, 2.92056, 3.00596, 3.09385, 3.18431, 3.27742, 3.37325, 3.47188, 3.5734, 3.67788, 3.78542, 3.8961, 4.01002, 4.12727, 4.24795, 4.37216, 4.5,4.5, 4.91638, 5.37129, 5.86829, 6.41128, 7.00451, 7.65263, 8.36072, 9.13433, 9.97952, 10.9029, 11.9118, 13.0139, 14.2181, 15.5337, 16.971, 18.5413, 20.257, 22.1313, 24.1791, 26.4164, 28.8607, 31.5311, 34.4487, 37.6362, 41.1186, 44.9233, 49.08, 53.6213, 58.5829, 64.0035, 69.9257, 76.3958, 83.4647, 91.1876, 101.458, 112.886, 125.6, 139.747, 155.487, 173,173, 194.319, 218.265, 245.162, 275.374, 309.309, 347.425, 390.239, 438.329, 492.345, 553.017, 621.166, 697.713, 783.693, 880.269, 988.746, 1110.59, 1247.45, 1401.17, 1573.84, 1767.79, 1985.64, 2230.33, 2505.18, 2813.89, 3160.65, 3550.15, 3987.63, 4479.04, 5030.99, 5650.97, 6347.35, 7129.54, 8008.12, 8994.98, 10103.4, 11348.5, 12747, 14317.8]
AlphaS_Vals: [0.497374, 0.45845, 0.425173, 0.396402,0.396391, 0.387589, 0.379163, 0.373321, 0.367656, 0.362159, 0.356825, 0.351646, 0.346615, 0.341726, 0.336972, 0.332349, 0.327852, 0.323474, 0.319211, 0.31506, 0.311015, 0.307073, 0.303229, 0.29948, 0.295823, 0.292254, 0.28877, 0.285369, 0.282046, 0.2788, 0.275628, 0.272527, 0.269495, 0.26653, 0.263629, 0.260791, 0.258014, 0.255294, 0.252632, 0.250024, 0.24747, 0.244968, 0.242515, 0.240112,0.240111, 0.233019, 0.226334, 0.220021, 0.214052, 0.208397, 0.203034, 0.197939, 0.193095, 0.188481, 0.184083, 0.179886, 0.175875, 0.17204, 0.168368, 0.16485, 0.161475, 0.158237, 0.155125, 0.152134, 0.149255, 0.146484, 0.143813, 0.141239, 0.138754, 0.136356, 0.134039, 0.1318, 0.129634, 0.127538, 0.125509, 0.123544, 0.121639, 0.119792, 0.118, 0.115909, 0.113891, 0.111942, 0.110058, 0.108237, 0.106475,0.106475, 0.104621, 0.10283, 0.1011, 0.0994266, 0.0978078, 0.0962409, 0.0947234, 0.0932531, 0.0918277, 0.0904452, 0.0891037, 0.0878014, 0.0865366, 0.0853078, 0.0841134, 0.0829519, 0.0818221, 0.0807227, 0.0796524, 0.0786101, 0.0775948, 0.0766053, 0.0756408, 0.0747002, 0.0737828, 0.0728876, 0.0720139, 0.0711609, 0.0703278, 0.069514, 0.0687189, 0.0679417, 0.0671819, 0.0664389, 0.0657122, 0.0650012, 0.0643054, 0.0636244]
