SetDesc: HERAPDF
Authors: ...
Reference: ...
Format: lhagrid1
DataVersion: 1
NumMembers: 1
Flavors: [-6, -5, -4, -3, -2, -1, 1, 2, 3, 4, 5, 6, 21]
OrderQCD: 0
FlavorScheme: fixed
ErrorType: hessian
XMin: 9.9e-07
XMax: 1
QMin: 1
QMax: 14317.8
MZ: 91.1876
MUp: 0
MDown: 0
MStrange: 0
MCharm: 1.43
MBottom: 4.5
MTop: 173
AlphaS_MZ: 0.118
AlphaS_OrderQCD: 0
AlphaS_Type: ipol
AlphaS_Qs: [1, 1.19583, 1.43,1.43, 1.54358, 1.66617, 1.7985, 1.94135, 2.09553, 2.26197, 2.44162, 2.63554, 2.84487, 3.07082, 3.31471, 3.57797, 3.86215, 4.16889, 4.5,4.5, 5.04375, 5.6532, 6.3363, 7.10194, 7.96009, 8.92193, 10, 10.3753, 10.7646, 11.1685, 11.5877, 12.0225, 12.4737, 12.9417, 13.4274, 13.9313, 14.454, 14.9964, 15.5592, 16.1431, 16.7489, 17.3774, 18.0295, 18.706, 19.408, 20.1363, 20.8919, 21.6759, 22.4893, 23.3333, 24.2089, 25.1173, 26.0599, 27.0378, 28.0524, 29.1051, 30.1973, 31.3305, 32.5062, 33.726, 34.9916, 36.3047, 37.667, 39.0805, 40.5471, 42.0686, 43.6473, 45.2852, 46.9845, 48.7477, 50.577, 52.4749, 54.4441, 56.4872, 58.6069, 60.8062, 63.088, 65.4554, 67.9117, 70.4601, 73.1042, 75.8475, 78.6937, 81.6468, 84.7106, 87.8895, 91.1876, 103.647, 117.809, 133.907, 152.203, 173,173, 200.435, 232.221, 269.048, 311.714, 361.147, 418.42, 484.775, 561.652, 650.722, 753.916, 873.476, 1012, 1172.48, 1358.42, 1573.84, 1823.43, 2112.6, 2447.62, 2835.78, 3285.49, 3806.52, 4410.17, 5109.55, 5919.85, 6858.65, 7946.32, 9206.48, 10666.5, 12358, 14317.8]
AlphaS_Vals: [0.497374, 0.441185, 0.396402,0.396391, 0.379913, 0.364745, 0.350742, 0.337773, 0.32573, 0.314515, 0.304047, 0.294253, 0.28507, 0.276443, 0.268323, 0.260667, 0.253435, 0.246593, 0.240112,0.240111, 0.231047, 0.222641, 0.214826, 0.207541, 0.200734, 0.194359, 0.188377, 0.186523, 0.184705, 0.182922, 0.181173, 0.179458, 0.177774, 0.176122, 0.1745, 0.172908, 0.171345, 0.169809, 0.168301, 0.16682, 0.165364, 0.163934, 0.162528, 0.161146, 0.159787, 0.158451, 0.157137, 0.155845, 0.154574, 0.153323, 0.152093, 0.150882, 0.14969, 0.148517, 0.147362, 0.146225, 0.145105, 0.144003, 0.142917, 0.141847, 0.140793, 0.139755, 0.138732, 0.137724, 0.13673, 0.135751, 0.134785, 0.133833, 0.132895, 0.131969, 0.131057, 0.130156, 0.129269, 0.128393, 0.127529, 0.126676, 0.125835, 0.125005, 0.124186, 0.123378, 0.12258, 0.121792, 0.121014, 0.120246, 0.119488, 0.118739, 0.118, 0.1155, 0.113103, 0.110804, 0.108597, 0.106475,0.106475, 0.104137, 0.1019, 0.0997568, 0.0977018, 0.0957297, 0.0938357, 0.0920152, 0.090264, 0.0885782, 0.0869542, 0.0853886, 0.0838785, 0.0824208, 0.081013, 0.0796524, 0.0783368, 0.0770639, 0.0758318, 0.0746384, 0.073482, 0.0723609, 0.0712734, 0.0702182, 0.0691938, 0.0681988, 0.067232, 0.0662923, 0.0653785, 0.0644895, 0.0636244]
