SetDesc: HERAPDF
Authors: ...
Reference: ...
Format: lhagrid1
DataVersion: 1
NumMembers: 1
Flavors: [-6, -5, -4, -3, -2, -1, 1, 2, 3, 4, 5, 6, 21]
OrderQCD: 0
FlavorScheme: fixed
ErrorType: hessian
XMin: 9.9e-07
XMax: 1
QMin: 1
QMax: 14317.8
MZ: 91.1876
MUp: 0
MDown: 0
MStrange: 0
MCharm: 1.43
MBottom: 4.5
MTop: 173
AlphaS_MZ: 0.118
AlphaS_OrderQCD: 0
AlphaS_Type: ipol
AlphaS_Qs: [1, 1.19583, 1.43,1.43, 1.55202, 1.68446, 1.8282, 1.9842, 2.15352, 2.33728, 2.53673, 2.75319, 2.98813, 3.24311, 3.51985, 3.82021, 4.1462, 4.5,4.5, 4.64556, 4.79583, 4.99895, 5.21068, 5.43137, 5.66141, 5.90119, 6.15112, 6.41165, 6.6832, 6.96626, 7.26131, 7.56885, 7.88942, 8.22357, 8.57186, 8.93491, 9.31334, 9.70779, 10.119, 10.5475, 10.9943, 11.4599, 11.9453, 12.4512, 12.9786, 13.5282, 14.1012, 14.6984, 15.321, 15.9699, 16.6463, 17.3513, 18.0862, 18.8522, 19.6507, 20.4829, 21.3505, 22.2547, 23.1973, 24.1798, 25.2039, 26.2714, 27.3841, 28.5439, 29.7528, 31.013, 32.3265, 33.6956, 35.1228, 36.6103, 38.1609, 39.7772, 41.4619, 43.2179, 45.0484, 46.9563, 48.9451, 51.0181, 53.1789, 55.4312, 57.779, 60.2261, 62.7769, 65.4357, 68.2072, 71.096, 74.1072, 77.2459, 80.5175, 83.9278, 87.4824, 91.1876, 107.02, 125.6, 147.407, 173,173, 203.74, 239.943, 282.578, 332.789, 391.922, 461.563, 543.578, 640.166, 753.916, 887.879, 1045.65, 1231.45, 1450.26, 1707.96, 2011.44, 2368.85, 2789.78, 3285.49, 3869.29, 4556.82, 5366.51, 6320.09, 7443.1, 8765.66, 10323.2, 12157.6, 14317.8]
AlphaS_Vals: [0.497374, 0.441185, 0.396402,0.396391, 0.378788, 0.362677, 0.347879, 0.334242, 0.321634, 0.309942, 0.29907, 0.288935, 0.279464, 0.270594, 0.26227, 0.254443, 0.24707, 0.240112,0.240111, 0.237511, 0.234966, 0.231731, 0.228584, 0.225521, 0.222539, 0.219634, 0.216805, 0.214048, 0.21136, 0.208738, 0.206181, 0.203686, 0.20125, 0.198872, 0.19655, 0.194281, 0.192064, 0.189896, 0.187778, 0.185706, 0.183679, 0.181696, 0.179755, 0.177856, 0.175996, 0.174175, 0.17239, 0.170643, 0.16893, 0.167251, 0.165605, 0.163992, 0.162409, 0.160857, 0.159334, 0.15784, 0.156373, 0.154934, 0.15352, 0.152133, 0.15077, 0.149431, 0.148116, 0.146824, 0.145554, 0.144306, 0.143079, 0.141873, 0.140687, 0.139521, 0.138374, 0.137245, 0.136135, 0.135043, 0.133968, 0.13291, 0.131868, 0.130843, 0.129834, 0.12884, 0.127861, 0.126897, 0.125947, 0.125012, 0.12409, 0.123182, 0.122287, 0.121405, 0.120535, 0.119678, 0.118833, 0.118, 0.114891, 0.111942, 0.10914, 0.106475,0.106475, 0.103884, 0.101416, 0.0990622, 0.0968154, 0.0946682, 0.0926141, 0.0906473, 0.0887624, 0.0869542, 0.0852182, 0.0835501, 0.0819462, 0.0804026, 0.0789161, 0.0774836, 0.0761022, 0.0747691, 0.073482, 0.0722384, 0.0710362, 0.0698734, 0.068748, 0.0676583, 0.0666026, 0.0655794, 0.0645871, 0.0636244]
