SetDesc: HERAPDF
Authors: ...
Reference: ...
Format: lhagrid1
DataVersion: 1
NumMembers: 1
Flavors: [-6, -5, -4, -3, -2, -1, 1, 2, 3, 4, 5, 6, 21]
OrderQCD: 0
FlavorScheme: fixed
ErrorType: hessian
XMin: 9.9e-07
XMax: 1
QMin: 1
QMax: 14317.8
MZ: 91.1876
MUp: 0
MDown: 0
MStrange: 0
MCharm: 1.43
MBottom: 4.5
MTop: 173
AlphaS_MZ: 0.118
AlphaS_OrderQCD: 0
AlphaS_Type: ipol
AlphaS_Qs: [1, 1.12662, 1.26928, 1.43,1.43, 1.50797, 1.59019, 1.6769, 1.76833, 1.86475, 1.96642, 2.07364, 2.13182, 2.19164, 2.25313, 2.31634, 2.38133, 2.44814, 2.51683, 2.58744, 2.66004, 2.73467, 2.8114, 2.89028, 2.97137, 3.05473, 3.14044, 3.22855, 3.31913, 3.41226, 3.50799, 3.60642, 3.7076, 3.81162, 3.91857, 4.02851, 4.14153, 4.25773, 4.37719, 4.5,4.5, 4.90397, 5.3442, 5.82395, 6.34676, 6.91651, 7.53741, 8.21405, 8.95142, 9.755, 10.6307, 11.585, 12.625, 13.7584, 14.9935, 16.3394, 17.8062, 19.4047, 21.1467, 23.045, 25.1137, 27.3682, 29.8251, 32.5025, 35.4202, 38.5999, 42.065, 45.8412, 49.9564, 54.441, 59.3282, 64.6541, 70.4581, 76.7831, 83.676, 91.1876, 101.458, 112.886, 125.6, 139.747, 155.487, 173,173, 193.193, 215.743, 240.926, 269.048, 300.452, 335.522, 374.685, 418.42, 467.259, 521.8, 582.706, 650.722, 726.677, 811.497, 906.218, 1012, 1130.12, 1262.03, 1409.34, 1573.84, 1757.55, 1962.7, 2191.79, 2447.62, 2733.32, 3052.36, 3408.65, 3806.52, 4250.83, 4747, 5301.09, 5919.85, 6610.84, 7382.48, 8244.19, 9206.48, 10281.1, 11481.1, 12821.3, 14317.8]
AlphaS_Vals: [0.497374, 0.45845, 0.425173, 0.396402,0.396391, 0.384799, 0.37386, 0.363526, 0.353748, 0.344482, 0.335689, 0.327333, 0.323141, 0.319055, 0.315071, 0.311185, 0.307394, 0.303694, 0.300082, 0.296555, 0.29311, 0.289744, 0.286455, 0.283239, 0.280095, 0.277019, 0.274011, 0.271067, 0.268186, 0.265365, 0.262603, 0.259898, 0.257248, 0.254652, 0.252107, 0.249613, 0.247168, 0.24477, 0.242418, 0.240112,0.240111, 0.233216, 0.226705, 0.220549, 0.214717, 0.209187, 0.203933, 0.198938, 0.194181, 0.189646, 0.185319, 0.181184, 0.17723, 0.173445, 0.169818, 0.166339, 0.163001, 0.159793, 0.15671, 0.153743, 0.150886, 0.148134, 0.14548, 0.14292, 0.140448, 0.138061, 0.135753, 0.133521, 0.131361, 0.12927, 0.127245, 0.125282, 0.123378, 0.121532, 0.11974, 0.118, 0.115909, 0.113891, 0.111942, 0.110058, 0.108237, 0.106475,0.106475, 0.104712, 0.103007, 0.101356, 0.0997568, 0.0982075, 0.0967057, 0.0952491, 0.0938357, 0.0924637, 0.0911312, 0.0898365, 0.0885782, 0.0873546, 0.0861643, 0.085006, 0.0838785, 0.0827805, 0.0817109, 0.0806685, 0.0796524, 0.0786616, 0.0776951, 0.0767521, 0.0758318, 0.0749332, 0.0740557, 0.0731984, 0.0723609, 0.0715422, 0.0707419, 0.0699593, 0.0691938, 0.0684449, 0.067712, 0.0669946, 0.0662923, 0.0656046, 0.0649309, 0.064271, 0.0636244]
