SetDesc: HERAPDF
Authors: ...
Reference: ...
Format: lhagrid1
DataVersion: 1
NumMembers: 1
Flavors: [-6, -5, -4, -3, -2, -1, 1, 2, 3, 4, 5, 6, 21]
OrderQCD: 0
FlavorScheme: fixed
ErrorType: hessian
XMin: 9.9e-07
XMax: 1
QMin: 1
QMax: 14317.8
MZ: 91.1876
MUp: 0
MDown: 0
MStrange: 0
MCharm: 1.43
MBottom: 4.5
MTop: 173
AlphaS_MZ: 0.118
AlphaS_OrderQCD: 0
AlphaS_Type: ipol
AlphaS_Qs: [1, 1.12662, 1.26928, 1.43,1.43, 1.50957, 1.59356, 1.68223, 1.77583, 1.87464, 1.97894, 2.08905, 2.20529, 2.32799, 2.45753, 2.59427, 2.73861, 2.81114, 2.88559, 2.962, 3.04045, 3.12097, 3.20362, 3.28846, 3.37555, 3.46494, 3.5567, 3.65089, 3.74758, 3.84683, 3.9487, 4.05327, 4.16061, 4.2708, 4.3839, 4.5,4.5, 4.88123, 5.29476, 5.74332, 6.22988, 6.75767, 7.33016, 7.95116, 8.62477, 9.35544, 10.148, 11.0077, 11.9403, 12.9518, 14.0491, 15.2393, 16.5303, 17.9308, 19.4498, 21.0976, 22.8849, 24.8237, 26.9267, 29.2079, 31.6823, 34.3664, 37.2778, 40.4359, 43.8616, 47.5774, 51.6081, 55.9802, 60.7228, 65.8671, 71.4472, 77.5001, 84.0657, 91.1876, 99.9231, 109.495, 119.985, 131.479, 144.074, 157.876, 173,173, 192.674, 214.585, 238.988, 266.165, 296.434, 330.145, 367.689, 409.503, 456.072, 507.937, 565.7, 630.032, 701.68, 781.475, 870.345, 969.322, 1079.55, 1202.32, 1339.05, 1491.33, 1660.92, 1849.81, 2060.17, 2294.45, 2555.38, 2845.98, 3169.62, 3530.08, 3931.52, 4378.62, 4876.56, 5431.12, 6048.76, 6736.63, 7502.72, 8355.94, 9306.18, 10364.5, 11543.1, 12855.8, 14317.8]
AlphaS_Vals: [0.497374, 0.45845, 0.425173, 0.396402,0.396391, 0.384575, 0.373437, 0.362927, 0.352991, 0.343585, 0.334668, 0.326201, 0.318152, 0.310491, 0.30319, 0.296224, 0.289571, 0.286465, 0.283426, 0.28045, 0.277536, 0.274682, 0.271885, 0.269146, 0.266461, 0.263829, 0.261248, 0.258718, 0.256236, 0.253801, 0.251412, 0.249068, 0.246766, 0.244507, 0.242289, 0.240112,0.240111, 0.233579, 0.227392, 0.221524, 0.215952, 0.210653, 0.205608, 0.200799, 0.19621, 0.191826, 0.187633, 0.18362, 0.179775, 0.176087, 0.172548, 0.169149, 0.16588, 0.162736, 0.159708, 0.156792, 0.153979, 0.151266, 0.148647, 0.146117, 0.143672, 0.141307, 0.139019, 0.136804, 0.134658, 0.132578, 0.130562, 0.128606, 0.126708, 0.124865, 0.123075, 0.121335, 0.119645, 0.118, 0.116203, 0.11446, 0.112769, 0.111127, 0.109532, 0.107982, 0.106475,0.106475, 0.104755, 0.103089, 0.101475, 0.0999105, 0.0983939, 0.0969226, 0.0954947, 0.0941082, 0.0927614, 0.0914526, 0.0901802, 0.0889428, 0.0877388, 0.0865671, 0.0854262, 0.0843149, 0.0832323, 0.082177, 0.0811482, 0.0801449, 0.079166, 0.0782108, 0.0772783, 0.0763678, 0.0754785, 0.0746097, 0.0737607, 0.0729308, 0.0721193, 0.0713257, 0.0705494, 0.0697898, 0.0690464, 0.0683186, 0.067606, 0.0669082, 0.0662246, 0.0655548, 0.0648984, 0.0642551, 0.0636244]
