SetDesc: HERAPDF
Authors: ...
Reference: ...
Format: lhagrid1
DataVersion: 1
NumMembers: 1
Flavors: [-6, -5, -4, -3, -2, -1, 1, 2, 3, 4, 5, 6, 21]
OrderQCD: 0
FlavorScheme: fixed
ErrorType: hessian
XMin: 9.9e-07
XMax: 1
QMin: 1
QMax: 14317.8
MZ: 91.1876
MUp: 0
MDown: 0
MStrange: 0
MCharm: 1.43
MBottom: 4.5
MTop: 173
AlphaS_MZ: 0.118
AlphaS_OrderQCD: 0
AlphaS_Type: ipol
AlphaS_Qs: [1, 1.12662, 1.26928, 1.43,1.43, 1.5078, 1.58984, 1.67634, 1.76755, 1.86372, 1.96512, 2.07204, 2.18478, 2.30365, 2.42899, 2.49499, 2.56278, 2.63242, 2.70394, 2.77741, 2.85288, 2.9304, 3.01002, 3.0918, 3.17581, 3.2621, 3.35074, 3.44178, 3.5353, 3.63136, 3.73003, 3.83138, 3.93548, 4.04242, 4.15225, 4.26508, 4.38096, 4.5,4.5, 4.89227, 5.31873, 5.78237, 6.28643, 6.83442, 7.43019, 8.07788, 8.78204, 9.54758, 10.3799, 11.2847, 12.2684, 13.3378, 14.5005, 15.7645, 17.1387, 18.6327, 20.257, 22.0228, 23.9425, 26.0296, 28.2986, 30.7655, 33.4473, 36.363, 39.5328, 42.9789, 46.7254, 50.7985, 55.2266, 60.0408, 65.2746, 70.9647, 77.1507, 83.876, 91.1876, 101.458, 112.886, 125.6, 139.747, 155.487, 173,173, 192.674, 214.585, 238.988, 266.165, 296.434, 330.145, 367.689, 409.503, 456.072, 507.937, 565.7, 630.032, 701.68, 781.475, 870.345, 969.322, 1079.55, 1202.32, 1339.05, 1491.33, 1660.92, 1849.81, 2060.17, 2294.45, 2555.38, 2845.98, 3169.62, 3530.08, 3931.52, 4378.62, 4876.56, 5431.12, 6048.76, 6736.63, 7502.72, 8355.94, 9306.18, 10364.5, 11543.1, 12855.8, 14317.8]
AlphaS_Vals: [0.497374, 0.45845, 0.425173, 0.396402,0.396391, 0.384822, 0.373905, 0.363589, 0.353827, 0.344576, 0.335796, 0.327452, 0.319512, 0.311949, 0.304735, 0.30121, 0.297766, 0.2944, 0.291109, 0.287891, 0.284743, 0.281664, 0.27865, 0.2757, 0.272812, 0.269983, 0.267213, 0.264499, 0.26184, 0.259233, 0.256678, 0.254173, 0.251716, 0.249306, 0.246942, 0.244622, 0.242346, 0.240112,0.240111, 0.233402, 0.227058, 0.221049, 0.21535, 0.209938, 0.204791, 0.19989, 0.195218, 0.19076, 0.186501, 0.182428, 0.178529, 0.174793, 0.17121, 0.167771, 0.164468, 0.161292, 0.158237, 0.155295, 0.15246, 0.149727, 0.147091, 0.144545, 0.142087, 0.13971, 0.137412, 0.135188, 0.133035, 0.130949, 0.128928, 0.126968, 0.125067, 0.123222, 0.121431, 0.119691, 0.118, 0.115909, 0.113891, 0.111942, 0.110058, 0.108237, 0.106475,0.106475, 0.104755, 0.103089, 0.101475, 0.0999105, 0.0983939, 0.0969226, 0.0954947, 0.0941082, 0.0927614, 0.0914526, 0.0901802, 0.0889428, 0.0877388, 0.0865671, 0.0854262, 0.0843149, 0.0832323, 0.082177, 0.0811482, 0.0801449, 0.079166, 0.0782108, 0.0772783, 0.0763678, 0.0754785, 0.0746097, 0.0737607, 0.0729308, 0.0721193, 0.0713257, 0.0705494, 0.0697898, 0.0690464, 0.0683186, 0.067606, 0.0669082, 0.0662246, 0.0655548, 0.0648984, 0.0642551, 0.0636244]
