SetDesc: HERAPDF
Authors: ...
Reference: ...
Format: lhagrid1
DataVersion: 1
NumMembers: 1
Flavors: [-6, -5, -4, -3, -2, -1, 1, 2, 3, 4, 5, 6, 21]
OrderQCD: 0
FlavorScheme: fixed
ErrorType: hessian
XMin: 9.9e-07
XMax: 1
QMin: 1
QMax: 14317.8
MZ: 91.1876
MUp: 0
MDown: 0
MStrange: 0
MCharm: 1.43
MBottom: 4.5
MTop: 173
AlphaS_MZ: 0.118
AlphaS_OrderQCD: 0
AlphaS_Type: ipol
AlphaS_Qs: [1, 1.19583, 1.43,1.43, 1.53622, 1.65033, 1.77291, 1.90461, 2.04608, 2.19806, 2.36133, 2.53673, 2.72516, 2.92758, 3.14504, 3.37865, 3.62962, 3.89922, 4.18885, 4.5,4.5, 5.04217, 5.64967, 6.33036, 7.09306, 7.94766, 8.90521, 9.97814, 11.1803, 11.5923, 12.0195, 12.4624, 12.9216, 13.3977, 13.8914, 14.4033, 14.934, 15.4843, 16.0549, 16.6465, 17.2599, 17.8959, 18.5553, 19.239, 19.9479, 20.683, 21.4451, 22.2353, 23.0547, 23.9042, 24.785, 25.6983, 26.6452, 27.6271, 28.6451, 29.7006, 30.795, 31.9297, 33.1063, 34.3262, 35.5911, 36.9025, 38.2623, 39.6722, 41.1341, 42.6498, 44.2214, 45.8508, 47.5404, 49.2921, 51.1085, 52.9917, 54.9444, 56.969, 59.0682, 61.2447, 63.5015, 65.8414, 68.2675, 70.7831, 73.3913, 76.0957, 78.8996, 81.807, 84.8214, 87.9469, 91.1876, 103.647, 117.809, 133.907, 152.203, 173,173, 200.435, 232.221, 269.048, 311.714, 361.147, 418.42, 484.775, 561.652, 650.722, 753.916, 873.476, 1012, 1172.48, 1358.42, 1573.84, 1823.43, 2112.6, 2447.62, 2835.78, 3285.49, 3806.52, 4410.17, 5109.55, 5919.85, 6858.65, 7946.32, 9206.48, 10666.5, 12358, 14317.8]
AlphaS_Vals: [0.497374, 0.441185, 0.396402,0.396391, 0.380903, 0.366575, 0.353285, 0.340925, 0.3294, 0.318629, 0.30854, 0.29907, 0.290164, 0.281773, 0.273854, 0.266367, 0.259279, 0.252559, 0.246178, 0.240112,0.240111, 0.231071, 0.222686, 0.214888, 0.207618, 0.200824, 0.194461, 0.188488, 0.182871, 0.181154, 0.179469, 0.177815, 0.176191, 0.174597, 0.173031, 0.171493, 0.169982, 0.168497, 0.167039, 0.165605, 0.164195, 0.16281, 0.161447, 0.160108, 0.15879, 0.157494, 0.156218, 0.154964, 0.153729, 0.152514, 0.151317, 0.15014, 0.14898, 0.147839, 0.146715, 0.145607, 0.144517, 0.143442, 0.142384, 0.141341, 0.140313, 0.139299, 0.138301, 0.137317, 0.136346, 0.135389, 0.134446, 0.133515, 0.132598, 0.131693, 0.1308, 0.129919, 0.12905, 0.128193, 0.127346, 0.126511, 0.125687, 0.124874, 0.124071, 0.123278, 0.122495, 0.121722, 0.120959, 0.120206, 0.119461, 0.118726, 0.118, 0.1155, 0.113103, 0.110804, 0.108597, 0.106475,0.106475, 0.104137, 0.1019, 0.0997568, 0.0977018, 0.0957297, 0.0938357, 0.0920152, 0.090264, 0.0885782, 0.0869542, 0.0853886, 0.0838785, 0.0824208, 0.081013, 0.0796524, 0.0783368, 0.0770639, 0.0758318, 0.0746384, 0.073482, 0.0723609, 0.0712734, 0.0702182, 0.0691938, 0.0681988, 0.067232, 0.0662923, 0.0653785, 0.0644895, 0.0636244]
