SetDesc: HERAPDF
Authors: ...
Reference: ...
Format: lhagrid1
DataVersion: 1
NumMembers: 1
Flavors: [-6, -5, -4, -3, -2, -1, 1, 2, 3, 4, 5, 6, 21]
OrderQCD: 0
FlavorScheme: fixed
ErrorType: hessian
XMin: 9.9e-07
XMax: 1
QMin: 1
QMax: 14317.8
MZ: 91.1876
MUp: 0
MDown: 0
MStrange: 0
MCharm: 1.43
MBottom: 4.5
MTop: 173
AlphaS_MZ: 0.118
AlphaS_OrderQCD: 0
AlphaS_Type: ipol
AlphaS_Qs: [1, 1.06779, 1.14018, 1.16923, 1.19903, 1.22959, 1.26092, 1.29306, 1.32601, 1.35981, 1.39446, 1.43,1.43, 1.50649, 1.58708, 1.67197, 1.7614, 1.85562, 1.95488, 2.05945, 2.16961, 2.28567, 2.40793, 2.53673, 2.67242, 2.81537, 2.96597, 3.12462, 3.29176, 3.46784, 3.65334, 3.84875, 4.05463, 4.27151, 4.5,4.5, 4.8708, 5.27215, 5.70657, 6.17678, 6.68574, 7.23664, 7.83294, 8.47837, 9.17698, 9.93315, 10.7516, 11.6376, 12.5965, 13.6344, 14.7579, 15.9739, 17.2902, 18.7149, 20.257, 21.9261, 23.7328, 25.6884, 27.8051, 30.0962, 32.5761, 35.2603, 38.1657, 41.3106, 44.7145, 48.399, 52.387, 56.7037, 61.376, 66.4333, 71.9074, 77.8325, 84.2458, 91.1876, 99.9231, 109.495, 119.985, 131.479, 144.074, 157.876, 173,173, 191.711, 212.446, 235.423, 260.885, 289.101, 320.369, 355.019, 393.416, 435.966, 483.118, 535.37, 593.273, 657.439, 728.545, 807.341, 894.659, 991.421, 1098.65, 1217.47, 1349.15, 1495.07, 1656.77, 1835.96, 2034.53, 2254.57, 2498.42, 2768.63, 3068.08, 3399.91, 3767.62, 4175.11, 4626.68, 5127.08, 5681.6, 6296.09, 6977.05, 7731.66, 8567.88, 9494.54, 10521.4, 11659.4, 12920.4, 14317.8]
AlphaS_Vals: [0.497374, 0.47518, 0.45488, 0.447544, 0.440441, 0.433559, 0.426889, 0.420421, 0.414146, 0.408056, 0.402142, 0.396402,0.396391, 0.385007, 0.374254, 0.364084, 0.354453, 0.345318, 0.336642, 0.328391, 0.320534, 0.313045, 0.305898, 0.29907, 0.29254, 0.286289, 0.280299, 0.274555, 0.269042, 0.263745, 0.258654, 0.253755, 0.249038, 0.244493, 0.240112,0.240111, 0.233746, 0.227709, 0.221976, 0.216525, 0.211335, 0.206388, 0.201668, 0.197158, 0.192846, 0.188718, 0.184764, 0.180971, 0.177332, 0.173835, 0.170474, 0.167241, 0.164128, 0.161128, 0.158237, 0.155447, 0.152754, 0.150152, 0.147638, 0.145207, 0.142854, 0.140576, 0.13837, 0.136232, 0.134159, 0.132149, 0.130197, 0.128303, 0.126462, 0.124674, 0.122936, 0.121245, 0.119601, 0.118, 0.116203, 0.11446, 0.112769, 0.111127, 0.109532, 0.107982, 0.106475,0.106475, 0.104833, 0.103241, 0.101697, 0.100198, 0.0987425, 0.0973287, 0.0959549, 0.0946194, 0.0933204, 0.0920567, 0.0908268, 0.0896292, 0.0884629, 0.0873265, 0.0862189, 0.0851391, 0.084086, 0.0830586, 0.0820561, 0.0810774, 0.0801218, 0.0791885, 0.0782767, 0.0773856, 0.0765146, 0.075663, 0.0748301, 0.0740153, 0.0732182, 0.072438, 0.0716742, 0.0709264, 0.070194, 0.0694766, 0.0687738, 0.068085, 0.0674098, 0.0667479, 0.0660989, 0.0654624, 0.0648381, 0.0642255, 0.0636244]
