SetDesc: HERAPDF
Authors: ...
Reference: ...
Format: lhagrid1
DataVersion: 1
NumMembers: 1
Flavors: [-6, -5, -4, -3, -2, -1, 1, 2, 3, 4, 5, 6, 21]
OrderQCD: 0
FlavorScheme: fixed
ErrorType: hessian
XMin: 9.9e-07
XMax: 1
QMin: 1
QMax: 14317.8
MZ: 91.1876
MUp: 0
MDown: 0
MStrange: 0
MCharm: 1.43
MBottom: 4.5
MTop: 173
AlphaS_MZ: 0.118
AlphaS_OrderQCD: 0
AlphaS_Type: ipol
AlphaS_Qs: [1, 1.09354, 1.19583, 1.30768, 1.43,1.43, 1.50268, 1.57905, 1.6593, 1.74363, 1.83225, 1.92537, 2.02322, 2.12604, 2.2341, 2.34764, 2.46695, 2.59233, 2.72408, 2.86253, 3.00801, 3.16088, 3.32153, 3.49034, 3.66773, 3.85413, 4.05001, 4.25584, 4.47214, 4.48605, 4.5,4.5, 4.85155, 5.23057, 5.63919, 6.07974, 6.5547, 7.06677, 7.61884, 8.21405, 8.85575, 9.54758, 10.2935, 11.0976, 11.9646, 12.8993, 13.907, 14.9935, 16.1648, 17.4276, 18.7891, 20.257, 21.8395, 23.5456, 25.3851, 27.3682, 29.5063, 31.8114, 34.2966, 36.9759, 39.8646, 42.9789, 46.3365, 49.9564, 53.8591, 58.0667, 62.603, 67.4937, 72.7665, 78.4512, 84.58, 91.1876, 99.9231, 109.495, 119.985, 131.479, 144.074, 157.876, 173,173, 190.838, 210.515, 232.221, 256.165, 282.578, 311.714, 343.855, 379.31, 418.42, 461.563, 509.154, 561.652, 619.564, 683.447, 753.916, 831.652, 917.403, 1012, 1116.34, 1231.45, 1358.42, 1498.48, 1652.99, 1823.43, 2011.44, 2218.84, 2447.62, 2700, 2978.39, 3285.49, 3624.25, 3997.95, 4410.17, 4864.9, 5366.51, 5919.85, 6530.24, 7203.57, 7946.32, 8765.66, 9669.48, 10666.5, 11766.3, 12979.5, 14317.8]
AlphaS_Vals: [0.497374, 0.467599, 0.441185, 0.417594, 0.396402,0.396391, 0.385546, 0.375274, 0.365534, 0.356287, 0.347497, 0.339129, 0.331155, 0.323548, 0.316282, 0.309335, 0.302686, 0.296318, 0.290212, 0.284352, 0.278724, 0.273315, 0.268112, 0.263103, 0.258277, 0.253626, 0.249139, 0.244808, 0.240625, 0.240368, 0.240112,0.240111, 0.234056, 0.228299, 0.222818, 0.217594, 0.212609, 0.207848, 0.203295, 0.198938, 0.194763, 0.19076, 0.186918, 0.183228, 0.179681, 0.176268, 0.172983, 0.169818, 0.166766, 0.163823, 0.160981, 0.158237, 0.155584, 0.153019, 0.150537, 0.148134, 0.145807, 0.143552, 0.141365, 0.139244, 0.137186, 0.135188, 0.133247, 0.131361, 0.129528, 0.127745, 0.126011, 0.124323, 0.122679, 0.121079, 0.11952, 0.118, 0.116203, 0.11446, 0.112769, 0.111127, 0.109532, 0.107982, 0.106475,0.106475, 0.104905, 0.103381, 0.1019, 0.100461, 0.0990622, 0.0977018, 0.0963782, 0.0950899, 0.0938357, 0.0926141, 0.0914239, 0.090264, 0.0891331, 0.0880301, 0.0869542, 0.0859042, 0.0848793, 0.0838785, 0.0829011, 0.0819462, 0.081013, 0.0801008, 0.079209, 0.0783368, 0.0774836, 0.0766488, 0.0758318, 0.075032, 0.0742489, 0.073482, 0.0727307, 0.0719947, 0.0712734, 0.0705665, 0.0698734, 0.0691938, 0.0685273, 0.0678735, 0.067232, 0.0666026, 0.0659849, 0.0653785, 0.0647831, 0.0641985, 0.0636244]
