SetDesc: HERAPDF
Authors: ...
Reference: ...
Format: lhagrid1
DataVersion: 1
NumMembers: 1
Flavors: [-6, -5, -4, -3, -2, -1, 1, 2, 3, 4, 5, 6, 21]
OrderQCD: 0
FlavorScheme: fixed
ErrorType: hessian
XMin: 9.9e-07
XMax: 1
QMin: 1
QMax: 14317.8
MZ: 91.1876
MUp: 0
MDown: 0
MStrange: 0
MCharm: 1.43
MBottom: 4.5
MTop: 173
AlphaS_MZ: 0.118
AlphaS_OrderQCD: 0
AlphaS_Type: ipol
AlphaS_Qs: [1, 1.12662, 1.26928, 1.43,1.43, 1.5089, 1.59216, 1.68001, 1.77271, 1.87053, 1.97374, 2.08264, 2.19756, 2.31881, 2.44676, 2.58177, 2.72422, 2.87454, 3.03315, 3.11398, 3.19695, 3.28214, 3.3696, 3.45939, 3.55158, 3.64622, 3.74338, 3.84313, 3.94554, 4.05068, 4.15862, 4.26943, 4.3832, 4.5,4.5, 4.88123, 5.29476, 5.74332, 6.22988, 6.75767, 7.33016, 7.95116, 8.62477, 9.35544, 10.148, 11.0077, 11.9403, 12.9518, 14.0491, 15.2393, 16.5303, 17.9308, 19.4498, 21.0976, 22.8849, 24.8237, 26.9267, 29.2079, 31.6823, 34.3664, 37.2778, 40.4359, 43.8616, 47.5774, 51.6081, 55.9802, 60.7228, 65.8671, 71.4472, 77.5001, 84.0657, 91.1876, 99.9231, 109.495, 119.985, 131.479, 144.074, 157.876, 173,173, 192.18, 213.487, 237.156, 263.449, 292.657, 325.104, 361.147, 401.187, 445.666, 495.077, 549.965, 610.939, 678.673, 753.916, 837.502, 930.354, 1033.5, 1148.08, 1275.37, 1416.77, 1573.84, 1748.33, 1942.17, 2157.49, 2396.69, 2662.41, 2957.59, 3285.49, 3649.75, 4054.39, 4503.89, 5003.23, 5557.93, 6174.13, 6858.65, 7619.05, 8463.77, 9402.13, 10444.5, 11602.5, 12888.9, 14317.8]
AlphaS_Vals: [0.497374, 0.45845, 0.425173, 0.396402,0.396391, 0.384668, 0.373613, 0.363175, 0.353305, 0.343957, 0.335091, 0.32667, 0.318662, 0.311037, 0.303769, 0.296832, 0.290205, 0.283868, 0.277801, 0.274924, 0.272106, 0.269345, 0.26664, 0.263989, 0.261389, 0.258841, 0.256341, 0.25389, 0.251484, 0.249124, 0.246808, 0.244535, 0.242303, 0.240112,0.240111, 0.233579, 0.227392, 0.221524, 0.215952, 0.210653, 0.205608, 0.200799, 0.19621, 0.191826, 0.187633, 0.18362, 0.179775, 0.176087, 0.172548, 0.169149, 0.16588, 0.162736, 0.159708, 0.156792, 0.153979, 0.151266, 0.148647, 0.146117, 0.143672, 0.141307, 0.139019, 0.136804, 0.134658, 0.132578, 0.130562, 0.128606, 0.126708, 0.124865, 0.123075, 0.121335, 0.119645, 0.118, 0.116203, 0.11446, 0.112769, 0.111127, 0.109532, 0.107982, 0.106475,0.106475, 0.104795, 0.103167, 0.101588, 0.100057, 0.098572, 0.0971301, 0.0957297, 0.0943692, 0.0930467, 0.0917609, 0.09051, 0.0892929, 0.088108, 0.0869542, 0.0858302, 0.0847348, 0.0836671, 0.082626, 0.0816104, 0.0806195, 0.0796524, 0.0787082, 0.0777862, 0.0768855, 0.0760054, 0.0751452, 0.0743043, 0.073482, 0.0726777, 0.0718908, 0.0711207, 0.070367, 0.0696291, 0.0689065, 0.0681988, 0.0675055, 0.0668261, 0.0661602, 0.0655075, 0.0648675, 0.0642399, 0.0636244]
