SetDesc: HERAPDF
Authors: ...
Reference: ...
Format: lhagrid1
DataVersion: 1
NumMembers: 1
Flavors: [-6, -5, -4, -3, -2, -1, 1, 2, 3, 4, 5, 6, 21]
OrderQCD: 0
FlavorScheme: fixed
ErrorType: hessian
XMin: 9.9e-07
XMax: 1
QMin: 0.842615
QMax: 14317.8
MZ: 91.1876
MUp: 0
MDown: 0
MStrange: 0
MCharm: 1.43
MBottom: 4.5
MTop: 173
AlphaS_MZ: 0.118
AlphaS_OrderQCD: 0
AlphaS_Type: ipol
AlphaS_Qs: [0.842615, 0.863483, 0.884867, 0.906781, 0.929238, 0.95225, 0.975833, 1, 1.12662, 1.26928, 1.43,1.43, 1.50649, 1.58708, 1.67197, 1.7614, 1.85562, 1.95488, 2.05945, 2.16961, 2.28567, 2.40793, 2.53673, 2.67242, 2.81537, 2.96597, 3.12462, 3.29176, 3.46784, 3.65334, 3.84875, 4.05463, 4.27151, 4.5,4.5, 4.8708, 5.27215, 5.70657, 6.17678, 6.68574, 7.23664, 7.83294, 8.47837, 9.17698, 9.93315, 10.7516, 11.6376, 12.5965, 13.6344, 14.7579, 15.9739, 17.2902, 18.7149, 20.257, 21.9261, 23.7328, 25.6884, 27.8051, 30.0962, 32.5761, 35.2603, 38.1657, 41.3106, 44.7145, 48.399, 52.387, 56.7037, 61.376, 66.4333, 71.9074, 77.8325, 84.2458, 91.1876, 99.9231, 109.495, 119.985, 131.479, 144.074, 157.876, 173,173, 192.18, 213.487, 237.156, 263.449, 292.657, 325.104, 361.147, 401.187, 445.666, 495.077, 549.965, 610.939, 678.673, 753.916, 837.502, 930.354, 1033.5, 1148.08, 1275.37, 1416.77, 1573.84, 1748.33, 1942.17, 2157.49, 2396.69, 2662.41, 2957.59, 3285.49, 3649.75, 4054.39, 4503.89, 5003.23, 5557.93, 6174.13, 6858.65, 7619.05, 8463.77, 9402.13, 10444.5, 11602.5, 12888.9, 14317.8]
AlphaS_Vals: [0.566431, 0.555417, 0.544822, 0.534623, 0.524798, 0.515327, 0.506192, 0.497374, 0.45845, 0.425173, 0.396402,0.396391, 0.385007, 0.374254, 0.364084, 0.354453, 0.345318, 0.336642, 0.328391, 0.320534, 0.313045, 0.305898, 0.29907, 0.29254, 0.286289, 0.280299, 0.274555, 0.269042, 0.263745, 0.258654, 0.253755, 0.249038, 0.244493, 0.240112,0.240111, 0.233746, 0.227709, 0.221976, 0.216525, 0.211335, 0.206388, 0.201668, 0.197158, 0.192846, 0.188718, 0.184764, 0.180971, 0.177332, 0.173835, 0.170474, 0.167241, 0.164128, 0.161128, 0.158237, 0.155447, 0.152754, 0.150152, 0.147638, 0.145207, 0.142854, 0.140576, 0.13837, 0.136232, 0.134159, 0.132149, 0.130197, 0.128303, 0.126462, 0.124674, 0.122936, 0.121245, 0.119601, 0.118, 0.116203, 0.11446, 0.112769, 0.111127, 0.109532, 0.107982, 0.106475,0.106475, 0.104795, 0.103167, 0.101588, 0.100057, 0.098572, 0.0971301, 0.0957297, 0.0943692, 0.0930467, 0.0917609, 0.09051, 0.0892929, 0.088108, 0.0869542, 0.0858302, 0.0847348, 0.0836671, 0.082626, 0.0816104, 0.0806195, 0.0796524, 0.0787082, 0.0777862, 0.0768855, 0.0760054, 0.0751452, 0.0743043, 0.073482, 0.0726777, 0.0718908, 0.0711207, 0.070367, 0.0696291, 0.0689065, 0.0681988, 0.0675055, 0.0668261, 0.0661602, 0.0655075, 0.0648675, 0.0642399, 0.0636244]
