SetDesc: HERAPDF
Authors: ...
Reference: ...
Format: lhagrid1
DataVersion: 1
NumMembers: 1
Flavors: [-6, -5, -4, -3, -2, -1, 1, 2, 3, 4, 5, 6, 21]
OrderQCD: 0
FlavorScheme: fixed
ErrorType: hessian
XMin: 9.9e-07
XMax: 1
QMin: 1
QMax: 14317.8
MZ: 91.1876
MUp: 0
MDown: 0
MStrange: 0
MCharm: 1.43
MBottom: 4.5
MTop: 173
AlphaS_MZ: 0.118
AlphaS_OrderQCD: 0
AlphaS_Type: ipol
AlphaS_Qs: [1, 1.12662, 1.26928, 1.43,1.43, 1.50375, 1.58131, 1.66286, 1.74862, 1.83881, 1.93364, 2.03337, 2.13824, 2.24851, 2.36448, 2.48643, 2.61466, 2.74951, 2.89131, 3.04043, 3.19724, 3.36213, 3.53553, 3.63157, 3.73022, 3.83155, 3.93563, 4.04253, 4.15234, 4.26514, 4.381, 4.5,4.5, 4.8708, 5.27215, 5.70657, 6.17678, 6.68574, 7.23664, 7.83294, 8.47837, 9.17698, 9.93315, 10.7516, 11.6376, 12.5965, 13.6344, 14.7579, 15.9739, 17.2902, 18.7149, 20.257, 21.9261, 23.7328, 25.6884, 27.8051, 30.0962, 32.5761, 35.2603, 38.1657, 41.3106, 44.7145, 48.399, 52.387, 56.7037, 61.376, 66.4333, 71.9074, 77.8325, 84.2458, 91.1876, 99.9231, 109.495, 119.985, 131.479, 144.074, 157.876, 173,173, 191.711, 212.446, 235.423, 260.885, 289.101, 320.369, 355.019, 393.416, 435.966, 483.118, 535.37, 593.273, 657.439, 728.545, 807.341, 894.659, 991.421, 1098.65, 1217.47, 1349.15, 1495.07, 1656.77, 1835.96, 2034.53, 2254.57, 2498.42, 2768.63, 3068.08, 3399.91, 3767.62, 4175.11, 4626.68, 5127.08, 5681.6, 6296.09, 6977.05, 7731.66, 8567.88, 9494.54, 10521.4, 11659.4, 12920.4, 14317.8]
AlphaS_Vals: [0.497374, 0.45845, 0.425173, 0.396402,0.396391, 0.385394, 0.374986, 0.365124, 0.355768, 0.34688, 0.338424, 0.330371, 0.322693, 0.315363, 0.308358, 0.301658, 0.295243, 0.289095, 0.283198, 0.277536, 0.272097, 0.266866, 0.261833, 0.259227, 0.256673, 0.254169, 0.251713, 0.249303, 0.24694, 0.244621, 0.242345, 0.240112,0.240111, 0.233746, 0.227709, 0.221976, 0.216525, 0.211335, 0.206388, 0.201668, 0.197158, 0.192846, 0.188718, 0.184764, 0.180971, 0.177332, 0.173835, 0.170474, 0.167241, 0.164128, 0.161128, 0.158237, 0.155447, 0.152754, 0.150152, 0.147638, 0.145207, 0.142854, 0.140576, 0.13837, 0.136232, 0.134159, 0.132149, 0.130197, 0.128303, 0.126462, 0.124674, 0.122936, 0.121245, 0.119601, 0.118, 0.116203, 0.11446, 0.112769, 0.111127, 0.109532, 0.107982, 0.106475,0.106475, 0.104833, 0.103241, 0.101697, 0.100198, 0.0987425, 0.0973287, 0.0959549, 0.0946194, 0.0933204, 0.0920567, 0.0908268, 0.0896292, 0.0884629, 0.0873265, 0.0862189, 0.0851391, 0.084086, 0.0830586, 0.0820561, 0.0810774, 0.0801218, 0.0791885, 0.0782767, 0.0773856, 0.0765146, 0.075663, 0.0748301, 0.0740153, 0.0732182, 0.072438, 0.0716742, 0.0709264, 0.070194, 0.0694766, 0.0687738, 0.068085, 0.0674098, 0.0667479, 0.0660989, 0.0654624, 0.0648381, 0.0642255, 0.0636244]
