SetDesc: HERAPDF
Authors: ...
Reference: ...
Format: lhagrid1
DataVersion: 1
NumMembers: 1
Flavors: [-6, -5, -4, -3, -2, -1, 1, 2, 3, 4, 5, 6, 21]
OrderQCD: 0
FlavorScheme: fixed
ErrorType: hessian
XMin: 9.9e-07
XMax: 1
QMin: 1
QMax: 14317.8
MZ: 91.1876
MUp: 0
MDown: 0
MStrange: 0
MCharm: 1.43
MBottom: 4.5
MTop: 173
AlphaS_MZ: 0.118
AlphaS_OrderQCD: 0
AlphaS_Type: ipol
AlphaS_Qs: [1, 1.12662, 1.26928, 1.43,1.43, 1.5069, 1.58793, 1.67332, 1.72272, 1.77358, 1.82595, 1.87985, 1.93535, 1.99249, 2.05132, 2.11188, 2.17423, 2.23842, 2.30451, 2.37254, 2.44259, 2.5147, 2.58895, 2.66538, 2.74407, 2.82509, 2.9085, 2.99436, 3.08277, 3.17378, 3.26748, 3.36395, 3.46327, 3.56552, 3.67078, 3.77916, 3.89073, 4.0056, 4.12386, 4.24561, 4.37095, 4.5,4.5, 4.91638, 5.37129, 5.86829, 6.41128, 7.00451, 7.65263, 8.36072, 9.13433, 9.97952, 10.9029, 11.9118, 13.0139, 14.2181, 15.5337, 16.971, 18.5413, 20.257, 22.1313, 24.1791, 26.4164, 28.8607, 31.5311, 34.4487, 37.6362, 41.1186, 44.9233, 49.08, 53.6213, 58.5829, 64.0035, 69.9257, 76.3958, 83.4647, 91.1876, 101.458, 112.886, 125.6, 139.747, 155.487, 173,173, 194.319, 218.265, 245.162, 275.374, 309.309, 347.425, 390.239, 438.329, 492.345, 553.017, 621.166, 697.713, 783.693, 880.269, 988.746, 1110.59, 1247.45, 1401.17, 1573.84, 1767.79, 1985.64, 2230.33, 2505.18, 2813.89, 3160.65, 3550.15, 3987.63, 4479.04, 5030.99, 5650.97, 6347.35, 7129.54, 8008.12, 8994.98, 10103.4, 11348.5, 12747, 14317.8]
AlphaS_Vals: [0.497374, 0.45845, 0.425173, 0.396402,0.396391, 0.38495, 0.374146, 0.363931, 0.358494, 0.353217, 0.348094, 0.343116, 0.338279, 0.333577, 0.329003, 0.324553, 0.320222, 0.316005, 0.311897, 0.307895, 0.303994, 0.300191, 0.296482, 0.292863, 0.289332, 0.285885, 0.282519, 0.279231, 0.276019, 0.27288, 0.269811, 0.266811, 0.263877, 0.261007, 0.258198, 0.255449, 0.252758, 0.250123, 0.247543, 0.245015, 0.242538, 0.240112,0.240111, 0.233019, 0.226334, 0.220021, 0.214052, 0.208397, 0.203034, 0.197939, 0.193095, 0.188481, 0.184083, 0.179886, 0.175875, 0.17204, 0.168368, 0.16485, 0.161475, 0.158237, 0.155125, 0.152134, 0.149255, 0.146484, 0.143813, 0.141239, 0.138754, 0.136356, 0.134039, 0.1318, 0.129634, 0.127538, 0.125509, 0.123544, 0.121639, 0.119792, 0.118, 0.115909, 0.113891, 0.111942, 0.110058, 0.108237, 0.106475,0.106475, 0.104621, 0.10283, 0.1011, 0.0994266, 0.0978078, 0.0962409, 0.0947234, 0.0932531, 0.0918277, 0.0904452, 0.0891037, 0.0878014, 0.0865366, 0.0853078, 0.0841134, 0.0829519, 0.0818221, 0.0807227, 0.0796524, 0.0786101, 0.0775948, 0.0766053, 0.0756408, 0.0747002, 0.0737828, 0.0728876, 0.0720139, 0.0711609, 0.0703278, 0.069514, 0.0687189, 0.0679417, 0.0671819, 0.0664389, 0.0657122, 0.0650012, 0.0643054, 0.0636244]
