SetDesc: HERAPDF
Authors: ...
Reference: ...
Format: lhagrid1
DataVersion: 1
NumMembers: 1
Flavors: [-6, -5, -4, -3, -2, -1, 1, 2, 3, 4, 5, 6, 21]
OrderQCD: 0
FlavorScheme: fixed
ErrorType: hessian
XMin: 9.9e-07
XMax: 1
QMin: 1
QMax: 14317.8
MZ: 91.1876
MUp: 0
MDown: 0
MStrange: 0
MCharm: 1.43
MBottom: 4.5
MTop: 173
AlphaS_MZ: 0.118
AlphaS_OrderQCD: 0
AlphaS_Type: ipol
AlphaS_Qs: [1, 1.19583, 1.43,1.43, 1.54358, 1.66617, 1.7985, 1.94135, 2.09553, 2.26197, 2.44162, 2.63554, 2.84487, 3.07082, 3.31471, 3.57797, 3.86215, 4.16889, 4.5,4.5, 5.00789, 5.57311, 6.20213, 6.90213, 7.68115, 7.9839, 8.29859, 8.62569, 8.96567, 9.31906, 9.68638, 10.0682, 10.465, 10.8775, 11.3062, 11.7519, 12.2151, 12.6966, 13.197, 13.7172, 14.2578, 14.8198, 15.4039, 16.0111, 16.6422, 17.2981, 17.98, 18.6887, 19.4253, 20.1909, 20.9868, 21.814, 22.6738, 23.5675, 24.4964, 25.462, 26.4655, 27.5087, 28.593, 29.72, 30.8914, 32.109, 33.3746, 34.6901, 36.0574, 37.4786, 38.9559, 40.4914, 42.0873, 43.7462, 45.4705, 47.2628, 49.1257, 51.062, 53.0746, 55.1666, 57.341, 59.6011, 61.9503, 64.3921, 66.9302, 69.5683, 72.3104, 75.1605, 78.123, 81.2023, 84.4029, 87.7297, 91.1876, 103.647, 117.809, 133.907, 152.203, 173,173, 201.455, 234.59, 273.176, 318.108, 370.43, 431.359, 502.309, 584.929, 681.138, 793.171, 923.632, 1075.55, 1252.46, 1458.46, 1698.35, 1977.7, 2302.99, 2681.78, 3122.88, 3636.54, 4234.68, 4931.2, 5742.28, 6686.77, 7786.61, 9067.36, 10558.8, 12295.5, 14317.8]
AlphaS_Vals: [0.497374, 0.441185, 0.396402,0.396391, 0.379913, 0.364745, 0.350742, 0.337773, 0.32573, 0.314515, 0.304047, 0.294253, 0.28507, 0.276443, 0.268323, 0.260667, 0.253435, 0.246593, 0.240112,0.240111, 0.231593, 0.223659, 0.216251, 0.209317, 0.202814, 0.200562, 0.198359, 0.196204, 0.194095, 0.192031, 0.190011, 0.188032, 0.186095, 0.184196, 0.182337, 0.180514, 0.178727, 0.176976, 0.175258, 0.173574, 0.171922, 0.1703, 0.168709, 0.167148, 0.165615, 0.16411, 0.162632, 0.16118, 0.159755, 0.158354, 0.156977, 0.155624, 0.154295, 0.152988, 0.151703, 0.150439, 0.149196, 0.147973, 0.146771, 0.145588, 0.144423, 0.143277, 0.14215, 0.141039, 0.139946, 0.13887, 0.137811, 0.136767, 0.135739, 0.134726, 0.133728, 0.132745, 0.131777, 0.130822, 0.129881, 0.128954, 0.12804, 0.127138, 0.126249, 0.125373, 0.124508, 0.123656, 0.122815, 0.121985, 0.121167, 0.120359, 0.119562, 0.118776, 0.118, 0.1155, 0.113103, 0.110804, 0.108597, 0.106475,0.106475, 0.104059, 0.101749, 0.0995402, 0.0974249, 0.0953977, 0.0934532, 0.0915863, 0.0897925, 0.0880677, 0.0864079, 0.0848095, 0.0832691, 0.0817837, 0.0803504, 0.0789665, 0.0776294, 0.0763368, 0.0750866, 0.0738767, 0.0727051, 0.0715701, 0.07047, 0.0694033, 0.0683683, 0.0673638, 0.0663883, 0.0654407, 0.0645198, 0.0636244]
