SetDesc: HERAPDF
Authors: ...
Reference: ...
Format: lhagrid1
DataVersion: 1
NumMembers: 1
Flavors: [-6, -5, -4, -3, -2, -1, 1, 2, 3, 4, 5, 6, 21]
OrderQCD: 0
FlavorScheme: fixed
ErrorType: hessian
XMin: 9.9e-07
XMax: 1
QMin: 0.616441
QMax: 14317.8
MZ: 91.1876
MUp: 0
MDown: 0
MStrange: 0
MCharm: 1.43
MBottom: 4.5
MTop: 173
AlphaS_MZ: 0.118
AlphaS_OrderQCD: 0
AlphaS_Type: ipol
AlphaS_Qs: [0.616441, 0.634236, 0.652545, 0.671382, 0.690763, 0.710703, 0.731219, 0.752328, 0.774045, 0.79639, 0.819379, 0.843032, 0.867368, 0.892407, 0.918168, 0.944673, 0.971943, 1, 1.12662, 1.26928, 1.43,1.43, 1.51436, 1.6037, 1.69831, 1.7985, 1.90461, 2.01697, 2.13596, 2.26197, 2.39541, 2.53673, 2.68638, 2.84487, 3.0127, 3.19043, 3.37865, 3.57797, 3.78906, 4.01259, 4.24931, 4.5,4.5, 4.91638, 5.37129, 5.86829, 6.41128, 7.00451, 7.65263, 8.36072, 9.13433, 9.97952, 10.9029, 11.9118, 13.0139, 14.2181, 15.5337, 16.971, 18.5413, 20.257, 22.1313, 24.1791, 26.4164, 28.8607, 31.5311, 34.4487, 37.6362, 41.1186, 44.9233, 49.08, 53.6213, 58.5829, 64.0035, 69.9257, 76.3958, 83.4647, 91.1876, 101.458, 112.886, 125.6, 139.747, 155.487, 173,173, 193.741, 216.968, 242.981, 272.111, 304.735, 341.269, 382.184, 428.003, 479.317, 536.782, 601.136, 673.206, 753.916, 844.303, 945.526, 1058.88, 1185.83, 1328, 1487.22, 1665.52, 1865.19, 2088.81, 2339.24, 2619.69, 2933.76, 3285.49, 3679.38, 4120.5, 4614.51, 5167.74, 5787.3, 6481.13, 7258.15, 8128.33, 9102.83, 10194.2, 11416.3, 12785, 14317.8]
AlphaS_Vals: [0.758426, 0.735743, 0.714372, 0.694201, 0.675135, 0.657084, 0.63997, 0.623722, 0.608277, 0.593576, 0.579568, 0.566204, 0.553441, 0.541241, 0.529565, 0.518382, 0.507661, 0.497374, 0.45845, 0.425173, 0.396402,0.396391, 0.383904, 0.372175, 0.36114, 0.350742, 0.340925, 0.331642, 0.322852, 0.314515, 0.306598, 0.29907, 0.291902, 0.28507, 0.278551, 0.272323, 0.266367, 0.260667, 0.255205, 0.249967, 0.24494, 0.240112,0.240111, 0.233019, 0.226334, 0.220021, 0.214052, 0.208397, 0.203034, 0.197939, 0.193095, 0.188481, 0.184083, 0.179886, 0.175875, 0.17204, 0.168368, 0.16485, 0.161475, 0.158237, 0.155125, 0.152134, 0.149255, 0.146484, 0.143813, 0.141239, 0.138754, 0.136356, 0.134039, 0.1318, 0.129634, 0.127538, 0.125509, 0.123544, 0.121639, 0.119792, 0.118, 0.115909, 0.113891, 0.111942, 0.110058, 0.108237, 0.106475,0.106475, 0.104668, 0.102921, 0.101231, 0.0995956, 0.0980124, 0.0964787, 0.0949923, 0.093551, 0.0921527, 0.0907957, 0.089478, 0.088198, 0.0869542, 0.0857449, 0.0845688, 0.0834245, 0.0823108, 0.0812264, 0.0801703, 0.0791412, 0.0781382, 0.0771604, 0.0762067, 0.0752763, 0.0743683, 0.073482, 0.0726165, 0.0717712, 0.0709454, 0.0701383, 0.0693494, 0.0685781, 0.0678237, 0.0670857, 0.0663637, 0.065657, 0.0649652, 0.0642878, 0.0636244]
