SetDesc: HERAPDF
Authors: ...
Reference: ...
Format: lhagrid1
DataVersion: 1
NumMembers: 1
Flavors: [-6, -5, -4, -3, -2, -1, 1, 2, 3, 4, 5, 6, 21]
OrderQCD: 0
FlavorScheme: fixed
ErrorType: hessian
XMin: 9.9e-07
XMax: 1
QMin: 1
QMax: 14317.8
MZ: 91.1876
MUp: 0
MDown: 0
MStrange: 0
MCharm: 1.43
MBottom: 4.5
MTop: 173
AlphaS_MZ: 0.118
AlphaS_OrderQCD: 0
AlphaS_Type: ipol
AlphaS_Qs: [1, 1.19583, 1.43,1.43, 1.54358, 1.66617, 1.7985, 1.94135, 2.09553, 2.26197, 2.44162, 2.63554, 2.84487, 3.07082, 3.31471, 3.57797, 3.86215, 4.16889, 4.5,4.5, 5.07349, 5.72007, 6.44905, 7.27093, 8.19756, 8.5171, 8.8491, 9.19403, 9.55242, 9.92477, 10.3116, 10.7136, 11.1312, 11.5651, 12.0159, 12.4843, 12.9709, 13.4765, 14.0018, 14.5476, 15.1147, 15.7039, 16.316, 16.952, 17.6128, 18.2993, 19.0126, 19.7537, 20.5237, 21.3238, 22.155, 23.0186, 23.9158, 24.848, 25.8166, 26.823, 27.8685, 28.9548, 30.0835, 31.2561, 32.4745, 33.7404, 35.0555, 36.422, 37.8417, 39.3168, 40.8494, 42.4417, 44.0961, 45.8149, 47.6008, 49.4563, 51.3841, 53.387, 55.468, 57.6302, 59.8766, 62.2106, 64.6355, 67.155, 69.7727, 72.4925, 75.3182, 78.2541, 81.3044, 84.4737, 87.7665, 91.1876, 103.647, 117.809, 133.907, 152.203, 173,173, 201.455, 234.59, 273.176, 318.108, 370.43, 431.359, 502.309, 584.929, 681.138, 793.171, 923.632, 1075.55, 1252.46, 1458.46, 1698.35, 1977.7, 2302.99, 2681.78, 3122.88, 3636.54, 4234.68, 4931.2, 5742.28, 6686.77, 7786.61, 9067.36, 10558.8, 12295.5, 14317.8]
AlphaS_Vals: [0.497374, 0.441185, 0.396402,0.396391, 0.379913, 0.364745, 0.350742, 0.337773, 0.32573, 0.314515, 0.304047, 0.294253, 0.28507, 0.276443, 0.268323, 0.260667, 0.253435, 0.246593, 0.240112,0.240111, 0.230598, 0.22181, 0.213667, 0.2061, 0.199052, 0.196905, 0.194804, 0.192747, 0.190734, 0.188761, 0.18683, 0.184937, 0.183083, 0.181265, 0.179483, 0.177736, 0.176022, 0.174341, 0.172692, 0.171074, 0.169486, 0.167927, 0.166396, 0.164893, 0.163417, 0.161968, 0.160543, 0.159144, 0.157769, 0.156417, 0.155088, 0.153782, 0.152497, 0.151234, 0.149992, 0.148769, 0.147567, 0.146384, 0.145219, 0.144073, 0.142945, 0.141835, 0.140741, 0.139665, 0.138604, 0.13756, 0.136531, 0.135518, 0.134519, 0.133535, 0.132566, 0.13161, 0.130668, 0.12974, 0.128824, 0.127922, 0.127031, 0.126154, 0.125288, 0.124434, 0.123592, 0.122761, 0.121941, 0.121132, 0.120333, 0.119545, 0.118768, 0.118, 0.1155, 0.113103, 0.110804, 0.108597, 0.106475,0.106475, 0.104059, 0.101749, 0.0995402, 0.0974249, 0.0953977, 0.0934532, 0.0915863, 0.0897925, 0.0880677, 0.0864079, 0.0848095, 0.0832691, 0.0817837, 0.0803504, 0.0789665, 0.0776294, 0.0763368, 0.0750866, 0.0738767, 0.0727051, 0.0715701, 0.07047, 0.0694033, 0.0683683, 0.0673638, 0.0663883, 0.0654407, 0.0645198, 0.0636244]
