SetDesc: HERAPDF
Authors: ...
Reference: ...
Format: lhagrid1
DataVersion: 1
NumMembers: 1
Flavors: [-6, -5, -4, -3, -2, -1, 1, 2, 3, 4, 5, 6, 21]
OrderQCD: 0
FlavorScheme: fixed
ErrorType: hessian
XMin: 9.9e-07
XMax: 1
QMin: 1
QMax: 14317.8
MZ: 91.1876
MUp: 0
MDown: 0
MStrange: 0
MCharm: 1.43
MBottom: 4.5
MTop: 173
AlphaS_MZ: 0.118
AlphaS_OrderQCD: 0
AlphaS_Type: ipol
AlphaS_Qs: [1, 1.11291, 1.23856, 1.3784, 1.40397, 1.43,1.43, 1.50308, 1.5799, 1.66064, 1.74551, 1.83472, 1.92849, 2.02705, 2.13064, 2.23953, 2.35399, 2.47429, 2.60074, 2.73366, 2.87337, 3.02022, 3.17457, 3.33681, 3.50735, 3.68659, 3.875, 4.07304, 4.2812, 4.5,4.5, 4.86092, 5.25078, 5.67191, 6.12682, 6.61822, 7.14903, 7.72241, 8.34177, 9.01081, 9.73352, 10.5142, 11.3575, 12.2684, 13.2523, 14.3152, 15.4634, 16.7036, 18.0433, 19.4904, 21.0536, 22.7422, 24.5662, 26.5365, 28.6649, 30.9639, 33.4473, 36.1299, 39.0277, 42.1579, 45.5391, 49.1915, 53.1368, 57.3986, 62.0022, 66.975, 72.3467, 78.1492, 84.417, 91.1876, 99.9231, 109.495, 119.985, 131.479, 144.074, 157.876, 173,173, 190.838, 210.515, 232.221, 256.165, 282.578, 311.714, 343.855, 379.31, 418.42, 461.563, 509.154, 561.652, 619.564, 683.447, 753.916, 831.652, 917.403, 1012, 1116.34, 1231.45, 1358.42, 1498.48, 1652.99, 1823.43, 2011.44, 2218.84, 2447.62, 2700, 2978.39, 3285.49, 3624.25, 3997.95, 4410.17, 4864.9, 5366.51, 5919.85, 6530.24, 7203.57, 7946.32, 8765.66, 9669.48, 10666.5, 11766.3, 12979.5, 14317.8]
AlphaS_Vals: [0.497374, 0.462167, 0.431611, 0.404842, 0.400575, 0.396402,0.396391, 0.385489, 0.375165, 0.365379, 0.356091, 0.347263, 0.338863, 0.330859, 0.323224, 0.315934, 0.308965, 0.302297, 0.295911, 0.289789, 0.283915, 0.278274, 0.272853, 0.26764, 0.262622, 0.257788, 0.253129, 0.248636, 0.244299, 0.240112,0.240111, 0.233905, 0.228011, 0.222407, 0.217072, 0.211987, 0.207134, 0.202499, 0.198067, 0.193824, 0.18976, 0.185862, 0.182122, 0.178529, 0.175075, 0.171752, 0.168552, 0.16547, 0.162499, 0.159632, 0.156865, 0.154192, 0.151609, 0.149111, 0.146693, 0.144353, 0.142087, 0.13989, 0.13776, 0.135695, 0.13369, 0.131744, 0.129853, 0.128016, 0.12623, 0.124494, 0.122804, 0.12116, 0.119559, 0.118, 0.116203, 0.11446, 0.112769, 0.111127, 0.109532, 0.107982, 0.106475,0.106475, 0.104905, 0.103381, 0.1019, 0.100461, 0.0990622, 0.0977018, 0.0963782, 0.0950899, 0.0938357, 0.0926141, 0.0914239, 0.090264, 0.0891331, 0.0880301, 0.0869542, 0.0859042, 0.0848793, 0.0838785, 0.0829011, 0.0819462, 0.081013, 0.0801008, 0.079209, 0.0783368, 0.0774836, 0.0766488, 0.0758318, 0.075032, 0.0742489, 0.073482, 0.0727307, 0.0719947, 0.0712734, 0.0705665, 0.0698734, 0.0691938, 0.0685273, 0.0678735, 0.067232, 0.0666026, 0.0659849, 0.0653785, 0.0647831, 0.0641985, 0.0636244]
