SetDesc: HERAPDF
Authors: ...
Reference: ...
Format: lhagrid1
DataVersion: 1
NumMembers: 1
Flavors: [-6, -5, -4, -3, -2, -1, 1, 2, 3, 4, 5, 6, 21]
OrderQCD: 0
FlavorScheme: fixed
ErrorType: hessian
XMin: 9.9e-07
XMax: 1
QMin: 1
QMax: 14317.8
MZ: 91.1876
MUp: 0
MDown: 0
MStrange: 0
MCharm: 1.43
MBottom: 4.5
MTop: 173
AlphaS_MZ: 0.118
AlphaS_OrderQCD: 0
AlphaS_Type: ipol
AlphaS_Qs: [1, 1.12662, 1.26928, 1.43,1.43, 1.52404, 1.62426, 1.73107, 1.84491, 1.96623, 2.09553, 2.23334, 2.38021, 2.53673, 2.70355, 2.88134, 3.07082, 3.27275, 3.48797, 3.71735, 3.9618, 4.22234, 4.5,4.5, 4.95382, 5.45342, 6.0034, 6.60884, 7.27534, 8.00906, 8.81677, 9.70594, 10.6848, 11.7623, 12.9486, 14.2544, 15.692, 17.2745, 19.0167, 20.9345, 23.0458, 25.3699, 27.9285, 28.8118, 29.7231, 30.6632, 31.633, 32.6335, 33.6657, 34.7305, 35.829, 36.9622, 38.1313, 39.3373, 40.5815, 41.865, 43.1891, 44.5552, 45.9644, 47.4182, 48.9179, 50.4651, 52.0613, 53.7079, 55.4066, 57.1591, 58.9669, 60.832, 62.756, 64.7409, 66.7885, 68.901, 71.0802, 73.3284, 75.6477, 78.0403, 80.5086, 83.055, 85.6819, 88.3919, 91.1876, 101.458, 112.886, 125.6, 139.747, 155.487, 173,173, 196.264, 222.657, 252.599, 286.567, 325.104, 368.822, 418.42, 474.687, 538.521, 610.939, 693.095, 786.3, 892.038, 1012, 1148.08, 1302.47, 1477.62, 1676.33, 1901.75, 2157.49, 2447.62, 2776.77, 3150.18, 3573.8, 4054.39, 4599.6, 5218.14, 5919.85, 6715.93, 7619.05, 8643.63, 9805.99, 11124.7, 12620.7, 14317.8]
AlphaS_Vals: [0.497374, 0.45845, 0.425173, 0.396402,0.396391, 0.382564, 0.369665, 0.357606, 0.34631, 0.335704, 0.32573, 0.31633, 0.307458, 0.29907, 0.291127, 0.283595, 0.276443, 0.269643, 0.26317, 0.257, 0.251112, 0.245489, 0.240112,0.240111, 0.23243, 0.225226, 0.218454, 0.212078, 0.206064, 0.200381, 0.195003, 0.189906, 0.185069, 0.180472, 0.176099, 0.171932, 0.167957, 0.164163, 0.160536, 0.157065, 0.153742, 0.150556, 0.1475, 0.146536, 0.145584, 0.144645, 0.143718, 0.142802, 0.141899, 0.141006, 0.140125, 0.139255, 0.138395, 0.137546, 0.136707, 0.135879, 0.13506, 0.134251, 0.133452, 0.132663, 0.131882, 0.131111, 0.130349, 0.129595, 0.128851, 0.128114, 0.127386, 0.126667, 0.125955, 0.125251, 0.124556, 0.123867, 0.123187, 0.122514, 0.121848, 0.121189, 0.120538, 0.119893, 0.119255, 0.118624, 0.118, 0.115909, 0.113891, 0.111942, 0.110058, 0.108237, 0.106475,0.106475, 0.104465, 0.102529, 0.100664, 0.0988656, 0.0971301, 0.0954545, 0.0938357, 0.0922709, 0.0907575, 0.0892929, 0.0878748, 0.086501, 0.0851696, 0.0838785, 0.082626, 0.0814103, 0.0802299, 0.0790832, 0.0779688, 0.0768855, 0.0758318, 0.0748066, 0.0738087, 0.0728371, 0.0718908, 0.0709687, 0.07007, 0.0691938, 0.0683392, 0.0675055, 0.0666918, 0.0658976, 0.065122, 0.0643645, 0.0636244]
