SetDesc: HERAPDF
Authors: ...
Reference: ...
Format: lhagrid1
DataVersion: 1
NumMembers: 1
Flavors: [-6, -5, -4, -3, -2, -1, 1, 2, 3, 4, 5, 6, 21]
OrderQCD: 0
FlavorScheme: fixed
ErrorType: hessian
XMin: 9.9e-07
XMax: 1
QMin: 1
QMax: 14317.8
MZ: 91.1876
MUp: 0
MDown: 0
MStrange: 0
MCharm: 1.43
MBottom: 4.5
MTop: 173
AlphaS_MZ: 0.118
AlphaS_OrderQCD: 0
AlphaS_Type: ipol
AlphaS_Qs: [1, 1.19583, 1.43,1.43, 1.54358, 1.66617, 1.7985, 1.94135, 2.09553, 2.26197, 2.44162, 2.63554, 2.84487, 3.07082, 3.31471, 3.57797, 3.86215, 4.16889, 4.5,4.5, 5.04585, 5.65792, 6.34423, 7.11379, 7.97669, 8.94427, 9.28559, 9.63993, 10.0078, 10.3897, 10.7862, 11.1978, 11.6251, 12.0687, 12.5292, 13.0073, 13.5037, 14.019, 14.554, 15.1094, 15.6859, 16.2845, 16.9059, 17.5511, 18.2208, 18.9161, 19.638, 20.3874, 21.1653, 21.973, 22.8115, 23.682, 24.5857, 25.5239, 26.4979, 27.5091, 28.5588, 29.6486, 30.78, 31.9546, 33.174, 34.4399, 35.7542, 37.1185, 38.535, 40.0055, 41.5321, 43.117, 44.7623, 46.4705, 48.2438, 50.0848, 51.996, 53.9802, 56.0401, 58.1786, 60.3987, 62.7035, 65.0963, 67.5804, 70.1593, 72.8366, 75.616, 78.5016, 81.4972, 84.6071, 87.8358, 91.1876, 103.647, 117.809, 133.907, 152.203, 173,173, 201.455, 234.59, 273.176, 318.108, 370.43, 431.359, 502.309, 584.929, 681.138, 793.171, 923.632, 1075.55, 1252.46, 1458.46, 1698.35, 1977.7, 2302.99, 2681.78, 3122.88, 3636.54, 4234.68, 4931.2, 5742.28, 6686.77, 7786.61, 9067.36, 10558.8, 12295.5, 14317.8]
AlphaS_Vals: [0.497374, 0.441185, 0.396402,0.396391, 0.379913, 0.364745, 0.350742, 0.337773, 0.32573, 0.314515, 0.304047, 0.294253, 0.28507, 0.276443, 0.268323, 0.260667, 0.253435, 0.246593, 0.240112,0.240111, 0.231015, 0.222582, 0.214744, 0.207438, 0.200614, 0.194224, 0.192221, 0.19026, 0.188337, 0.186454, 0.184607, 0.182797, 0.181022, 0.179281, 0.177573, 0.175898, 0.174253, 0.17264, 0.171056, 0.1695, 0.167973, 0.166473, 0.164999, 0.163552, 0.162129, 0.160731, 0.159357, 0.158007, 0.156679, 0.155373, 0.154089, 0.152825, 0.151583, 0.15036, 0.149157, 0.147973, 0.146808, 0.145661, 0.144531, 0.143419, 0.142324, 0.141246, 0.140184, 0.139137, 0.138107, 0.137091, 0.13609, 0.135104, 0.134132, 0.133174, 0.132229, 0.131298, 0.130379, 0.129474, 0.128581, 0.1277, 0.126831, 0.125974, 0.125128, 0.124294, 0.123471, 0.122659, 0.121857, 0.121065, 0.120284, 0.119513, 0.118752, 0.118, 0.1155, 0.113103, 0.110804, 0.108597, 0.106475,0.106475, 0.104059, 0.101749, 0.0995402, 0.0974249, 0.0953977, 0.0934532, 0.0915863, 0.0897925, 0.0880677, 0.0864079, 0.0848095, 0.0832691, 0.0817837, 0.0803504, 0.0789665, 0.0776294, 0.0763368, 0.0750866, 0.0738767, 0.0727051, 0.0715701, 0.07047, 0.0694033, 0.0683683, 0.0673638, 0.0663883, 0.0654407, 0.0645198, 0.0636244]
