SetDesc: HERAPDF
Authors: ...
Reference: ...
Format: lhagrid1
DataVersion: 1
NumMembers: 1
Flavors: [-6, -5, -4, -3, -2, -1, 1, 2, 3, 4, 5, 6, 21]
OrderQCD: 0
FlavorScheme: fixed
ErrorType: hessian
XMin: 9.9e-07
XMax: 1
QMin: 1
QMax: 14317.8
MZ: 91.1876
MUp: 0
MDown: 0
MStrange: 0
MCharm: 1.43
MBottom: 4.5
MTop: 173
AlphaS_MZ: 0.118
AlphaS_OrderQCD: 0
AlphaS_Type: ipol
AlphaS_Qs: [1, 1.12662, 1.26928, 1.43,1.43, 1.51027, 1.59506, 1.6846, 1.77916, 1.87904, 1.98452, 2.09592, 2.21358, 2.33784, 2.46908, 2.60768, 2.6798, 2.75391, 2.83008, 2.90835, 2.98878, 3.07144, 3.15638, 3.24368, 3.33339, 3.42558, 3.52031, 3.61767, 3.71772, 3.82054, 3.92621, 4.03479, 4.14638, 4.26105, 4.3789, 4.5,4.5, 4.89227, 5.31873, 5.78237, 6.28643, 6.83442, 7.43019, 8.07788, 8.78204, 9.54758, 10.3799, 11.2847, 12.2684, 13.3378, 14.5005, 15.7645, 17.1387, 18.6327, 20.257, 22.0228, 23.9425, 26.0296, 28.2986, 30.7655, 33.4473, 36.363, 39.5328, 42.9789, 46.7254, 50.7985, 55.2266, 60.0408, 65.2746, 70.9647, 77.1507, 83.876, 91.1876, 99.9231, 109.495, 119.985, 131.479, 144.074, 157.876, 173,173, 192.674, 214.585, 238.988, 266.165, 296.434, 330.145, 367.689, 409.503, 456.072, 507.937, 565.7, 630.032, 701.68, 781.475, 870.345, 969.322, 1079.55, 1202.32, 1339.05, 1491.33, 1660.92, 1849.81, 2060.17, 2294.45, 2555.38, 2845.98, 3169.62, 3530.08, 3931.52, 4378.62, 4876.56, 5431.12, 6048.76, 6736.63, 7502.72, 8355.94, 9306.18, 10364.5, 11543.1, 12855.8, 14317.8]
AlphaS_Vals: [0.497374, 0.45845, 0.425173, 0.396402,0.396391, 0.384475, 0.37325, 0.362662, 0.352657, 0.34319, 0.334217, 0.325701, 0.317609, 0.309909, 0.302573, 0.295577, 0.292202, 0.288903, 0.285678, 0.282525, 0.27944, 0.276421, 0.273467, 0.270576, 0.267745, 0.264973, 0.262257, 0.259597, 0.25699, 0.254435, 0.25193, 0.249474, 0.247066, 0.244703, 0.242386, 0.240112,0.240111, 0.233402, 0.227058, 0.221049, 0.21535, 0.209938, 0.204791, 0.19989, 0.195218, 0.19076, 0.186501, 0.182428, 0.178529, 0.174793, 0.17121, 0.167771, 0.164468, 0.161292, 0.158237, 0.155295, 0.15246, 0.149727, 0.147091, 0.144545, 0.142087, 0.13971, 0.137412, 0.135188, 0.133035, 0.130949, 0.128928, 0.126968, 0.125067, 0.123222, 0.121431, 0.119691, 0.118, 0.116203, 0.11446, 0.112769, 0.111127, 0.109532, 0.107982, 0.106475,0.106475, 0.104755, 0.103089, 0.101475, 0.0999105, 0.0983939, 0.0969226, 0.0954947, 0.0941082, 0.0927614, 0.0914526, 0.0901802, 0.0889428, 0.0877388, 0.0865671, 0.0854262, 0.0843149, 0.0832323, 0.082177, 0.0811482, 0.0801449, 0.079166, 0.0782108, 0.0772783, 0.0763678, 0.0754785, 0.0746097, 0.0737607, 0.0729308, 0.0721193, 0.0713257, 0.0705494, 0.0697898, 0.0690464, 0.0683186, 0.067606, 0.0669082, 0.0662246, 0.0655548, 0.0648984, 0.0642551, 0.0636244]
