SetDesc: HERAPDF
Authors: ...
Reference: ...
Format: lhagrid1
DataVersion: 1
NumMembers: 1
Flavors: [-6, -5, -4, -3, -2, -1, 1, 2, 3, 4, 5, 6, 21]
OrderQCD: 0
FlavorScheme: fixed
ErrorType: hessian
XMin: 9.9e-07
XMax: 1
QMin: 1
QMax: 14317.8
MZ: 91.1876
MUp: 0
MDown: 0
MStrange: 0
MCharm: 1.43
MBottom: 4.5
MTop: 173
AlphaS_MZ: 0.118
AlphaS_OrderQCD: 0
AlphaS_Type: ipol
AlphaS_Qs: [1, 1.19583, 1.43,1.43, 1.54358, 1.66617, 1.7985, 1.94135, 2.09553, 2.26197, 2.44162, 2.63554, 2.84487, 3.07082, 3.31471, 3.57797, 3.86215, 4.16889, 4.5,4.5, 5.09562, 5.77008, 6.53382, 7.39864, 8.37792, 9.48683, 9.84539, 10.2175, 10.6037, 11.0044, 11.4204, 11.852, 12.2999, 12.7648, 13.2473, 13.748, 14.2676, 14.8068, 15.3664, 15.9472, 16.55, 17.1755, 17.8246, 18.4983, 19.1975, 19.923, 20.676, 21.4575, 22.2685, 23.1101, 23.9836, 24.8901, 25.8308, 26.8071, 27.8202, 28.8717, 29.9629, 31.0954, 32.2707, 33.4903, 34.7561, 36.0697, 37.433, 38.8478, 40.3161, 41.8398, 43.4212, 45.0623, 46.7654, 48.5329, 50.3673, 52.2709, 54.2465, 56.2968, 58.4245, 60.6327, 62.9243, 65.3026, 67.7707, 70.3321, 72.9904, 75.7491, 78.612, 81.5832, 84.6666, 87.8667, 91.1876, 103.647, 117.809, 133.907, 152.203, 173,173, 200.435, 232.221, 269.048, 311.714, 361.147, 418.42, 484.775, 561.652, 650.722, 753.916, 873.476, 1012, 1172.48, 1358.42, 1573.84, 1823.43, 2112.6, 2447.62, 2835.78, 3285.49, 3806.52, 4410.17, 5109.55, 5919.85, 6858.65, 7946.32, 9206.48, 10666.5, 12358, 14317.8]
AlphaS_Vals: [0.497374, 0.441185, 0.396402,0.396391, 0.379913, 0.364745, 0.350742, 0.337773, 0.32573, 0.314515, 0.304047, 0.294253, 0.28507, 0.276443, 0.268323, 0.260667, 0.253435, 0.246593, 0.240112,0.240111, 0.230267, 0.221198, 0.212816, 0.205046, 0.197824, 0.191093, 0.189172, 0.187289, 0.185444, 0.183634, 0.18186, 0.180119, 0.178411, 0.176736, 0.175091, 0.173477, 0.171893, 0.170337, 0.168809, 0.167308, 0.165833, 0.164385, 0.162961, 0.161562, 0.160187, 0.158835, 0.157506, 0.156198, 0.154912, 0.153648, 0.152403, 0.151179, 0.149974, 0.148788, 0.147621, 0.146472, 0.145341, 0.144227, 0.14313, 0.142049, 0.140985, 0.139937, 0.138904, 0.137886, 0.136883, 0.135895, 0.13492, 0.13396, 0.133013, 0.132079, 0.131159, 0.130251, 0.129356, 0.128473, 0.127601, 0.126742, 0.125894, 0.125058, 0.124232, 0.123417, 0.122613, 0.121819, 0.121036, 0.120262, 0.119499, 0.118745, 0.118, 0.1155, 0.113103, 0.110804, 0.108597, 0.106475,0.106475, 0.104137, 0.1019, 0.0997568, 0.0977018, 0.0957297, 0.0938357, 0.0920152, 0.090264, 0.0885782, 0.0869542, 0.0853886, 0.0838785, 0.0824208, 0.081013, 0.0796524, 0.0783368, 0.0770639, 0.0758318, 0.0746384, 0.073482, 0.0723609, 0.0712734, 0.0702182, 0.0691938, 0.0681988, 0.067232, 0.0662923, 0.0653785, 0.0644895, 0.0636244]
