SetDesc: HERAPDF
Authors: ...
Reference: ...
Format: lhagrid1
DataVersion: 1
NumMembers: 1
Flavors: [-6, -5, -4, -3, -2, -1, 1, 2, 3, 4, 5, 6, 21]
OrderQCD: 0
FlavorScheme: fixed
ErrorType: hessian
XMin: 9.9e-07
XMax: 1
QMin: 1
QMax: 14317.8
MZ: 91.1876
MUp: 0
MDown: 0
MStrange: 0
MCharm: 1.43
MBottom: 4.5
MTop: 173
AlphaS_MZ: 0.118
AlphaS_OrderQCD: 0
AlphaS_Type: ipol
AlphaS_Qs: [1, 1.19583, 1.43,1.43, 1.55202, 1.68446, 1.8282, 1.9842, 2.15352, 2.33728, 2.53673, 2.75319, 2.98813, 3.24311, 3.51985, 3.82021, 4.1462, 4.5,4.5, 5.06142, 5.69288, 6.40312, 6.66207, 6.93148, 7.21179, 7.50344, 7.80688, 8.12259, 8.45106, 8.79283, 9.14841, 9.51837, 9.9033, 10.3038, 10.7205, 11.154, 11.6051, 12.0744, 12.5627, 13.0707, 13.5993, 14.1492, 14.7214, 15.3168, 15.9362, 16.5807, 17.2512, 17.9488, 18.6747, 19.4299, 20.2156, 21.0331, 21.8837, 22.7687, 23.6895, 24.6475, 25.6442, 26.6813, 27.7603, 28.8829, 30.0509, 31.2662, 32.5306, 33.8461, 35.2149, 36.639, 38.1206, 39.6622, 41.2662, 42.935, 44.6713, 46.4778, 48.3574, 50.3129, 52.3476, 54.4645, 56.6671, 58.9587, 61.343, 63.8237, 66.4048, 69.0902, 71.8842, 74.7912, 77.8157, 80.9626, 84.2368, 87.6433, 91.1876, 107.02, 125.6, 147.407, 173,173, 202.554, 237.156, 277.669, 325.104, 380.641, 445.666, 521.8, 610.939, 715.306, 837.502, 980.572, 1148.08, 1344.21, 1573.84, 1842.7, 2157.49, 2526.06, 2957.59, 3462.83, 4054.39, 4747, 5557.93, 6507.39, 7619.05, 8920.62, 10444.5, 12228.8, 14317.8]
AlphaS_Vals: [0.497374, 0.441185, 0.396402,0.396391, 0.378788, 0.362677, 0.347879, 0.334242, 0.321634, 0.309942, 0.29907, 0.288935, 0.279464, 0.270594, 0.26227, 0.254443, 0.24707, 0.240112,0.240111, 0.23078, 0.222146, 0.214135, 0.211563, 0.209051, 0.206599, 0.204203, 0.201862, 0.199574, 0.197338, 0.195151, 0.193012, 0.19092, 0.188872, 0.186868, 0.184906, 0.182984, 0.181103, 0.179259, 0.177453, 0.175683, 0.173947, 0.172246, 0.170577, 0.168941, 0.167336, 0.165761, 0.164215, 0.162698, 0.161208, 0.159746, 0.15831, 0.156899, 0.155514, 0.154152, 0.152815, 0.1515, 0.150208, 0.148938, 0.147688, 0.14646, 0.145252, 0.144064, 0.142895, 0.141745, 0.140613, 0.139499, 0.138403, 0.137323, 0.136261, 0.135215, 0.134184, 0.13317, 0.13217, 0.131186, 0.130215, 0.12926, 0.128318, 0.12739, 0.126475, 0.125573, 0.124684, 0.123807, 0.122943, 0.12209, 0.12125, 0.120421, 0.119603, 0.118796, 0.118, 0.114891, 0.111942, 0.10914, 0.106475,0.106475, 0.103974, 0.101588, 0.0993092, 0.0971301, 0.0950446, 0.0930467, 0.0911312, 0.0892929, 0.0875273, 0.0858302, 0.0841976, 0.082626, 0.081112, 0.0796524, 0.0782445, 0.0768855, 0.0755728, 0.0743043, 0.0730776, 0.0718908, 0.0707419, 0.0696291, 0.0685508, 0.0675055, 0.0664915, 0.0655075, 0.0645522, 0.0636244]
