SetDesc: HERAPDF
Authors: ...
Reference: ...
Format: lhagrid1
DataVersion: 1
NumMembers: 1
Flavors: [-6, -5, -4, -3, -2, -1, 1, 2, 3, 4, 5, 6, 21]
OrderQCD: 0
FlavorScheme: fixed
ErrorType: hessian
XMin: 9.9e-07
XMax: 1
QMin: 1
QMax: 14317.8
MZ: 91.1876
MUp: 0
MDown: 0
MStrange: 0
MCharm: 1.43
MBottom: 4.5
MTop: 173
AlphaS_MZ: 0.118
AlphaS_OrderQCD: 0
AlphaS_Type: ipol
AlphaS_Qs: [1, 1.19583, 1.43,1.43, 1.54358, 1.66617, 1.7985, 1.94135, 2.09553, 2.26197, 2.44162, 2.63554, 2.84487, 3.07082, 3.31471, 3.57797, 3.86215, 4.16889, 4.5,4.5, 5.01632, 5.59188, 6.23348, 6.94869, 7.74597, 8.05022, 8.36643, 8.69505, 9.03659, 9.39153, 9.76043, 10.1438, 10.5422, 10.9563, 11.3867, 11.8339, 12.2988, 12.7819, 13.2839, 13.8057, 14.348, 14.9116, 15.4973, 16.106, 16.7386, 17.3961, 18.0794, 18.7895, 19.5276, 20.2946, 21.0917, 21.9202, 22.7812, 23.676, 24.606, 25.5725, 26.577, 27.6209, 28.7058, 29.8334, 31.0052, 32.2231, 33.4887, 34.8042, 36.1712, 37.592, 39.0686, 40.6032, 42.198, 43.8555, 45.5781, 47.3684, 49.229, 51.1626, 53.1723, 55.2608, 57.4314, 59.6873, 62.0317, 64.4683, 67.0005, 69.6323, 72.3673, 75.2099, 78.164, 81.2343, 84.4251, 87.7412, 91.1876, 103.647, 117.809, 133.907, 152.203, 173,173, 201.455, 234.59, 273.176, 318.108, 370.43, 431.359, 502.309, 584.929, 681.138, 793.171, 923.632, 1075.55, 1252.46, 1458.46, 1698.35, 1977.7, 2302.99, 2681.78, 3122.88, 3636.54, 4234.68, 4931.2, 5742.28, 6686.77, 7786.61, 9067.36, 10558.8, 12295.5, 14317.8]
AlphaS_Vals: [0.497374, 0.441185, 0.396402,0.396391, 0.379913, 0.364745, 0.350742, 0.337773, 0.32573, 0.314515, 0.304047, 0.294253, 0.28507, 0.276443, 0.268323, 0.260667, 0.253435, 0.246593, 0.240112,0.240111, 0.231464, 0.223419, 0.215913, 0.208896, 0.20232, 0.200086, 0.197901, 0.195763, 0.193671, 0.191623, 0.189618, 0.187654, 0.18573, 0.183846, 0.182, 0.18019, 0.178416, 0.176676, 0.17497, 0.173297, 0.171655, 0.170044, 0.168463, 0.166912, 0.165388, 0.163892, 0.162423, 0.16098, 0.159563, 0.15817, 0.156801, 0.155456, 0.154134, 0.152834, 0.151555, 0.150298, 0.149062, 0.147846, 0.146649, 0.145472, 0.144313, 0.143173, 0.142051, 0.140946, 0.139858, 0.138787, 0.137732, 0.136693, 0.13567, 0.134661, 0.133668, 0.132689, 0.131725, 0.130774, 0.129837, 0.128913, 0.128003, 0.127105, 0.126219, 0.125346, 0.124485, 0.123636, 0.122798, 0.121971, 0.121156, 0.120351, 0.119557, 0.118773, 0.118, 0.1155, 0.113103, 0.110804, 0.108597, 0.106475,0.106475, 0.104059, 0.101749, 0.0995402, 0.0974249, 0.0953977, 0.0934532, 0.0915863, 0.0897925, 0.0880677, 0.0864079, 0.0848095, 0.0832691, 0.0817837, 0.0803504, 0.0789665, 0.0776294, 0.0763368, 0.0750866, 0.0738767, 0.0727051, 0.0715701, 0.07047, 0.0694033, 0.0683683, 0.0673638, 0.0663883, 0.0654407, 0.0645198, 0.0636244]
