SetDesc: HERAPDF
Authors: ...
Reference: ...
Format: lhagrid1
DataVersion: 1
NumMembers: 1
Flavors: [-6, -5, -4, -3, -2, -1, 1, 2, 3, 4, 5, 6, 21]
OrderQCD: 0
FlavorScheme: fixed
ErrorType: hessian
XMin: 9.9e-07
XMax: 1
QMin: 1
QMax: 14317.8
MZ: 91.1876
MUp: 0
MDown: 0
MStrange: 0
MCharm: 1.43
MBottom: 4.5
MTop: 173
AlphaS_MZ: 0.118
AlphaS_OrderQCD: 0
AlphaS_Type: ipol
AlphaS_Qs: [1, 1.19583, 1.43,1.43, 1.54358, 1.66617, 1.7985, 1.94135, 2.09553, 2.26197, 2.44162, 2.63554, 2.84487, 3.07082, 3.31471, 3.57797, 3.86215, 4.16889, 4.5,4.5, 5.14056, 5.8723, 6.7082, 6.97875, 7.26022, 7.55303, 7.85765, 8.17456, 8.50425, 8.84724, 9.20406, 9.57527, 9.96146, 10.3632, 10.7812, 11.216, 11.6684, 12.139, 12.6285, 13.1379, 13.6677, 14.219, 14.7924, 15.389, 16.0097, 16.6554, 17.3271, 18.0259, 18.7529, 19.5093, 20.2961, 21.1147, 21.9663, 22.8522, 23.7738, 24.7327, 25.7302, 26.7679, 27.8475, 28.9706, 30.139, 31.3546, 32.6191, 33.9347, 35.3034, 36.7272, 38.2084, 39.7494, 41.3526, 43.0204, 44.7554, 46.5605, 48.4383, 50.3919, 52.4243, 54.5386, 56.7382, 59.0266, 61.4072, 63.8838, 66.4603, 69.1408, 71.9293, 74.8303, 77.8483, 80.988, 84.2544, 87.6525, 91.1876, 107.02, 125.6, 147.407, 173,173, 202.554, 237.156, 277.669, 325.104, 380.641, 445.666, 521.8, 610.939, 715.306, 837.502, 980.572, 1148.08, 1344.21, 1573.84, 1842.7, 2157.49, 2526.06, 2957.59, 3462.83, 4054.39, 4747, 5557.93, 6507.39, 7619.05, 8920.62, 10444.5, 12228.8, 14317.8]
AlphaS_Vals: [0.497374, 0.441185, 0.396402,0.396391, 0.379913, 0.364745, 0.350742, 0.337773, 0.32573, 0.314515, 0.304047, 0.294253, 0.28507, 0.276443, 0.268323, 0.260667, 0.253435, 0.246593, 0.240112,0.240111, 0.229602, 0.219974, 0.211121, 0.208626, 0.20619, 0.20381, 0.201484, 0.199211, 0.196989, 0.194815, 0.192689, 0.190609, 0.188573, 0.186581, 0.18463, 0.182719, 0.180848, 0.179014, 0.177217, 0.175456, 0.17373, 0.172037, 0.170377, 0.168749, 0.167151, 0.165584, 0.164045, 0.162535, 0.161053, 0.159597, 0.158167, 0.156763, 0.155383, 0.154028, 0.152696, 0.151387, 0.1501, 0.148835, 0.14759, 0.146367, 0.145164, 0.14398, 0.142815, 0.141669, 0.140542, 0.139432, 0.13834, 0.137264, 0.136205, 0.135163, 0.134136, 0.133124, 0.132128, 0.131147, 0.13018, 0.129227, 0.128288, 0.127363, 0.126451, 0.125552, 0.124665, 0.123791, 0.122929, 0.122079, 0.121241, 0.120414, 0.119599, 0.118794, 0.118, 0.114891, 0.111942, 0.10914, 0.106475,0.106475, 0.103974, 0.101588, 0.0993092, 0.0971301, 0.0950446, 0.0930467, 0.0911312, 0.0892929, 0.0875273, 0.0858302, 0.0841976, 0.082626, 0.081112, 0.0796524, 0.0782445, 0.0768855, 0.0755728, 0.0743043, 0.0730776, 0.0718908, 0.0707419, 0.0696291, 0.0685508, 0.0675055, 0.0664915, 0.0655075, 0.0645522, 0.0636244]
