SetDesc: HERAPDF
Authors: ...
Reference: ...
Format: lhagrid1
DataVersion: 1
NumMembers: 1
Flavors: [-6, -5, -4, -3, -2, -1, 1, 2, 3, 4, 5, 6, 21]
OrderQCD: 0
FlavorScheme: fixed
ErrorType: hessian
XMin: 9.9e-07
XMax: 1
QMin: 1
QMax: 14317.8
MZ: 91.1876
MUp: 0
MDown: 0
MStrange: 0
MCharm: 1.43
MBottom: 4.5
MTop: 173
AlphaS_MZ: 0.118
AlphaS_OrderQCD: 0
AlphaS_Type: ipol
AlphaS_Qs: [1, 1.12662, 1.26928, 1.43,1.43, 1.52976, 1.63648, 1.75064, 1.87277, 2.00341, 2.14317, 2.29268, 2.45262, 2.62372, 2.80676, 3.00256, 3.21202, 3.43609, 3.6758, 3.93223, 4.20655, 4.5,4.5, 4.98108, 5.5136, 6.10304, 6.7555, 7.47772, 8.27714, 9.16203, 10.1415, 11.2257, 12.4258, 13.7542, 15.2247, 16.8523, 17.4431, 18.0546, 18.6876, 19.3428, 20.0209, 20.7228, 21.4493, 22.2013, 22.9796, 23.7852, 24.6191, 25.4822, 26.3756, 27.3003, 28.2574, 29.248, 30.2734, 31.3347, 32.4333, 33.5703, 34.7473, 35.9654, 37.2263, 38.5314, 39.8823, 41.2805, 42.7277, 44.2257, 45.7761, 47.381, 49.0421, 50.7614, 52.541, 54.383, 56.2896, 58.263, 60.3056, 62.4198, 64.6082, 66.8732, 69.2177, 71.6444, 74.1561, 76.7559, 79.4468, 82.2321, 85.115, 88.099, 91.1876, 103.647, 117.809, 133.907, 152.203, 173,173, 198.6, 227.987, 261.724, 300.452, 344.911, 395.949, 454.539, 521.8, 599.013, 687.651, 789.406, 906.218, 1040.32, 1194.26, 1370.97, 1573.84, 1806.73, 2074.08, 2380.99, 2733.32, 3137.78, 3602.09, 4135.11, 4747, 5449.43, 6255.81, 7181.51, 8244.19, 9464.12, 10864.6, 12472.2, 14317.8]
AlphaS_Vals: [0.497374, 0.45845, 0.425173, 0.396402,0.396391, 0.381781, 0.368204, 0.35556, 0.343754, 0.332708, 0.322349, 0.312616, 0.303453, 0.294812, 0.286649, 0.278926, 0.271608, 0.264665, 0.258067, 0.251791, 0.245813, 0.240112,0.240111, 0.232007, 0.224431, 0.217335, 0.210673, 0.204408, 0.198505, 0.192933, 0.187665, 0.182678, 0.177948, 0.173458, 0.169188, 0.165123, 0.163789, 0.162475, 0.161182, 0.15991, 0.158658, 0.157425, 0.156212, 0.155016, 0.153839, 0.15268, 0.151538, 0.150413, 0.149305, 0.148212, 0.147136, 0.146075, 0.14503, 0.143999, 0.142983, 0.141981, 0.140992, 0.140018, 0.139057, 0.138109, 0.137174, 0.136252, 0.135341, 0.134443, 0.133557, 0.132682, 0.131819, 0.130967, 0.130126, 0.129296, 0.128476, 0.127666, 0.126867, 0.126077, 0.125298, 0.124527, 0.123767, 0.123015, 0.122273, 0.121539, 0.120815, 0.120098, 0.119391, 0.118691, 0.118, 0.1155, 0.113103, 0.110804, 0.108597, 0.106475,0.106475, 0.104281, 0.102174, 0.100152, 0.0982075, 0.0963374, 0.0945371, 0.0928029, 0.0911312, 0.0895186, 0.0879621, 0.0864588, 0.085006, 0.0836013, 0.0822422, 0.0809266, 0.0796524, 0.0784177, 0.0772208, 0.0760598, 0.0749332, 0.0738395, 0.0727772, 0.0717451, 0.0707419, 0.0697663, 0.0688173, 0.0678937, 0.0669946, 0.066119, 0.065266, 0.0644347, 0.0636244]
