SetDesc: HERAPDF
Authors: ...
Reference: ...
Format: lhagrid1
DataVersion: 1
NumMembers: 1
Flavors: [-6, -5, -4, -3, -2, -1, 1, 2, 3, 4, 5, 6, 21]
OrderQCD: 0
FlavorScheme: fixed
ErrorType: hessian
XMin: 9.9e-07
XMax: 1
QMin: 1
QMax: 14317.8
MZ: 91.1876
MUp: 0
MDown: 0
MStrange: 0
MCharm: 1.43
MBottom: 4.5
MTop: 173
AlphaS_MZ: 0.118
AlphaS_OrderQCD: 0
AlphaS_Type: ipol
AlphaS_Qs: [1, 1.19583, 1.43,1.43, 1.55202, 1.68446, 1.8282, 1.9842, 2.15352, 2.33728, 2.53673, 2.75319, 2.98813, 3.24311, 3.51985, 3.82021, 4.1462, 4.5,4.5, 4.69525, 4.89898, 5.10494, 5.31956, 5.5432, 5.77624, 6.01908, 6.27213, 6.53582, 6.8106, 7.09692, 7.39529, 7.70619, 8.03017, 8.36777, 8.71956, 9.08614, 9.46814, 9.86619, 10.281, 10.7132, 11.1636, 11.6329, 12.122, 12.6316, 13.1627, 13.716, 14.2927, 14.8936, 15.5197, 16.1722, 16.8521, 17.5606, 18.2988, 19.0681, 19.8698, 20.7051, 21.5756, 22.4827, 23.4279, 24.4128, 25.4392, 26.5087, 27.6231, 28.7844, 29.9946, 31.2556, 32.5696, 33.9389, 35.3657, 36.8525, 38.4019, 40.0163, 41.6987, 43.4517, 45.2785, 47.1821, 49.1657, 51.2326, 53.3865, 55.631, 57.9698, 60.4069, 62.9465, 65.5928, 68.3504, 71.224, 74.2183, 77.3386, 80.59, 83.9781, 87.5086, 91.1876, 107.02, 125.6, 147.407, 173,173, 203.74, 239.943, 282.578, 332.789, 391.922, 461.563, 543.578, 640.166, 753.916, 887.879, 1045.65, 1231.45, 1450.26, 1707.96, 2011.44, 2368.85, 2789.78, 3285.49, 3869.29, 4556.82, 5366.51, 6320.09, 7443.1, 8765.66, 10323.2, 12157.6, 14317.8]
AlphaS_Vals: [0.497374, 0.441185, 0.396402,0.396391, 0.378788, 0.362677, 0.347879, 0.334242, 0.321634, 0.309942, 0.29907, 0.288935, 0.279464, 0.270594, 0.26227, 0.254443, 0.24707, 0.240112,0.240111, 0.236654, 0.233295, 0.230128, 0.227046, 0.224046, 0.221123, 0.218276, 0.215501, 0.212796, 0.210158, 0.207585, 0.205074, 0.202623, 0.200229, 0.197892, 0.195609, 0.193377, 0.191196, 0.189064, 0.186979, 0.184939, 0.182943, 0.18099, 0.179078, 0.177206, 0.175373, 0.173577, 0.171818, 0.170094, 0.168405, 0.166748, 0.165124, 0.163531, 0.161969, 0.160436, 0.158932, 0.157456, 0.156007, 0.154584, 0.153187, 0.151815, 0.150468, 0.149144, 0.147843, 0.146565, 0.145309, 0.144074, 0.14286, 0.141666, 0.140492, 0.139337, 0.138201, 0.137084, 0.135984, 0.134902, 0.133837, 0.132789, 0.131757, 0.13074, 0.12974, 0.128755, 0.127784, 0.126828, 0.125886, 0.124958, 0.124044, 0.123143, 0.122255, 0.12138, 0.120517, 0.119666, 0.118827, 0.118, 0.114891, 0.111942, 0.10914, 0.106475,0.106475, 0.103884, 0.101416, 0.0990622, 0.0968154, 0.0946682, 0.0926141, 0.0906473, 0.0887624, 0.0869542, 0.0852182, 0.0835501, 0.0819462, 0.0804026, 0.0789161, 0.0774836, 0.0761022, 0.0747691, 0.073482, 0.0722384, 0.0710362, 0.0698734, 0.068748, 0.0676583, 0.0666026, 0.0655794, 0.0645871, 0.0636244]
