SetDesc: HERAPDF
Authors: ...
Reference: ...
Format: lhagrid1
DataVersion: 1
NumMembers: 1
Flavors: [-6, -5, -4, -3, -2, -1, 1, 2, 3, 4, 5, 6, 21]
OrderQCD: 0
FlavorScheme: fixed
ErrorType: hessian
XMin: 9.9e-07
XMax: 1
QMin: 1
QMax: 14317.8
MZ: 91.1876
MUp: 0
MDown: 0
MStrange: 0
MCharm: 1.43
MBottom: 4.5
MTop: 173
AlphaS_MZ: 0.118
AlphaS_OrderQCD: 0
AlphaS_Type: ipol
AlphaS_Qs: [1, 1.19583, 1.43,1.43, 1.55202, 1.68446, 1.8282, 1.9842, 2.15352, 2.33728, 2.53673, 2.75319, 2.98813, 3.24311, 3.51985, 3.82021, 4.1462, 4.5,4.5, 4.52479, 4.54973, 4.74316, 4.94482, 5.15505, 5.37422, 5.60271, 5.84092, 6.08925, 6.34814, 6.61803, 6.89941, 7.19274, 7.49854, 7.81735, 8.14971, 8.4962, 8.85743, 9.23401, 9.6266, 10.0359, 10.4626, 10.9074, 11.3711, 11.8546, 12.3586, 12.884, 13.4318, 14.0029, 14.5982, 15.2189, 15.8659, 16.5404, 17.2437, 17.9768, 18.7411, 19.5379, 20.3686, 21.2346, 22.1374, 23.0785, 24.0597, 25.0827, 26.1491, 27.2608, 28.4198, 29.6281, 30.8878, 32.201, 33.5701, 34.9973, 36.4853, 38.0365, 39.6536, 41.3395, 43.0971, 44.9294, 46.8396, 48.8311, 50.9071, 53.0715, 55.3279, 57.6802, 60.1325, 62.6891, 65.3544, 68.133, 71.0297, 74.0496, 77.1978, 80.48, 83.9016, 87.4688, 91.1876, 107.02, 125.6, 147.407, 173,173, 203.74, 239.943, 282.578, 332.789, 391.922, 461.563, 543.578, 640.166, 753.916, 887.879, 1045.65, 1231.45, 1450.26, 1707.96, 2011.44, 2368.85, 2789.78, 3285.49, 3869.29, 4556.82, 5366.51, 6320.09, 7443.1, 8765.66, 10323.2, 12157.6, 14317.8]
AlphaS_Vals: [0.497374, 0.441185, 0.396402,0.396391, 0.378788, 0.362677, 0.347879, 0.334242, 0.321634, 0.309942, 0.29907, 0.288935, 0.279464, 0.270594, 0.26227, 0.254443, 0.24707, 0.240112,0.240111, 0.239658, 0.239207, 0.235843, 0.232571, 0.22939, 0.226294, 0.22328, 0.220346, 0.217488, 0.214703, 0.211989, 0.209342, 0.20676, 0.204242, 0.201784, 0.199384, 0.197041, 0.194753, 0.192517, 0.190331, 0.188195, 0.186106, 0.184063, 0.182065, 0.180109, 0.178195, 0.176321, 0.174486, 0.172689, 0.170928, 0.169204, 0.167513, 0.165856, 0.164232, 0.162639, 0.161076, 0.159544, 0.15804, 0.156564, 0.155116, 0.153694, 0.152298, 0.150927, 0.14958, 0.148258, 0.146958, 0.145682, 0.144427, 0.143193, 0.141981, 0.140789, 0.139616, 0.138463, 0.137329, 0.136214, 0.135116, 0.134036, 0.132973, 0.131927, 0.130897, 0.129883, 0.128884, 0.127901, 0.126933, 0.125979, 0.12504, 0.124114, 0.123202, 0.122304, 0.121418, 0.120545, 0.119685, 0.118836, 0.118, 0.114891, 0.111942, 0.10914, 0.106475,0.106475, 0.103884, 0.101416, 0.0990622, 0.0968154, 0.0946682, 0.0926141, 0.0906473, 0.0887624, 0.0869542, 0.0852182, 0.0835501, 0.0819462, 0.0804026, 0.0789161, 0.0774836, 0.0761022, 0.0747691, 0.073482, 0.0722384, 0.0710362, 0.0698734, 0.068748, 0.0676583, 0.0666026, 0.0655794, 0.0645871, 0.0636244]
