SetDesc: HERAPDF
Authors: ...
Reference: ...
Format: lhagrid1
DataVersion: 1
NumMembers: 1
Flavors: [-6, -5, -4, -3, -2, -1, 1, 2, 3, 4, 5, 6, 21]
OrderQCD: 0
FlavorScheme: fixed
ErrorType: hessian
XMin: 9.9e-07
XMax: 1
QMin: 1
QMax: 14317.8
MZ: 91.1876
MUp: 0
MDown: 0
MStrange: 0
MCharm: 1.43
MBottom: 4.5
MTop: 173
AlphaS_MZ: 0.118
AlphaS_OrderQCD: 0
AlphaS_Type: ipol
AlphaS_Qs: [1, 1.19583, 1.43,1.43, 1.54358, 1.66617, 1.7985, 1.94135, 2.09553, 2.26197, 2.44162, 2.63554, 2.84487, 3.07082, 3.31471, 3.57797, 3.86215, 4.16889, 4.5,4.5, 5.11567, 5.81557, 6.61122, 7.51574, 8.544, 8.8766, 9.22214, 9.58113, 9.95409, 10.3416, 10.7441, 11.1624, 11.5969, 12.0483, 12.5173, 13.0046, 13.5108, 14.0368, 14.5832, 15.1509, 15.7406, 16.3534, 16.99, 17.6513, 18.3385, 19.0523, 19.794, 20.5645, 21.365, 22.1967, 23.0607, 23.9584, 24.8911, 25.86, 26.8667, 27.9125, 28.999, 30.1279, 31.3007, 32.5191, 33.785, 35.1002, 36.4665, 37.886, 39.3608, 40.893, 42.4849, 44.1387, 45.8569, 47.642, 49.4965, 51.4233, 53.425, 55.5047, 57.6654, 59.9101, 62.2422, 64.6651, 67.1824, 69.7976, 72.5146, 75.3374, 78.27, 81.3169, 84.4823, 87.7709, 91.1876, 103.647, 117.809, 133.907, 152.203, 173,173, 201.455, 234.59, 273.176, 318.108, 370.43, 431.359, 502.309, 584.929, 681.138, 793.171, 923.632, 1075.55, 1252.46, 1458.46, 1698.35, 1977.7, 2302.99, 2681.78, 3122.88, 3636.54, 4234.68, 4931.2, 5742.28, 6686.77, 7786.61, 9067.36, 10558.8, 12295.5, 14317.8]
AlphaS_Vals: [0.497374, 0.441185, 0.396402,0.396391, 0.379913, 0.364745, 0.350742, 0.337773, 0.32573, 0.314515, 0.304047, 0.294253, 0.28507, 0.276443, 0.268323, 0.260667, 0.253435, 0.246593, 0.240112,0.240111, 0.229969, 0.220649, 0.212055, 0.204105, 0.19673, 0.194635, 0.192585, 0.190577, 0.188611, 0.186685, 0.184798, 0.182948, 0.181136, 0.179359, 0.177616, 0.175907, 0.17423, 0.172586, 0.170972, 0.169387, 0.167832, 0.166306, 0.164806, 0.163334, 0.161887, 0.160466, 0.15907, 0.157698, 0.156349, 0.155023, 0.15372, 0.152438, 0.151178, 0.149938, 0.148718, 0.147518, 0.146337, 0.145175, 0.144031, 0.142905, 0.141797, 0.140705, 0.139631, 0.138572, 0.13753, 0.136503, 0.135491, 0.134494, 0.133512, 0.132544, 0.13159, 0.13065, 0.129723, 0.128809, 0.127907, 0.127019, 0.126142, 0.125278, 0.124425, 0.123584, 0.122754, 0.121935, 0.121127, 0.12033, 0.119543, 0.118767, 0.118, 0.1155, 0.113103, 0.110804, 0.108597, 0.106475,0.106475, 0.104059, 0.101749, 0.0995402, 0.0974249, 0.0953977, 0.0934532, 0.0915863, 0.0897925, 0.0880677, 0.0864079, 0.0848095, 0.0832691, 0.0817837, 0.0803504, 0.0789665, 0.0776294, 0.0763368, 0.0750866, 0.0738767, 0.0727051, 0.0715701, 0.07047, 0.0694033, 0.0683683, 0.0673638, 0.0663883, 0.0654407, 0.0645198, 0.0636244]
